----------------------------------------------------------------
Best Fitness: 909386
Worst Fitness: 941294
----------------------------------------------------------------
P_h: 
98.5 88.6 0 276.85 
86.6694 68.9054 40.3675 229.565 
88.4314 67.4644 16.5534 236.124 
85.0427 72.5526 56.6127 260.884 
72.6292 62.8138 12.3019 252.43 
67.4443 62.2785 41.4773 242.498 
73.0401 52.3163 51.431 259.199 
76.547 64.1715 33.2545 272.638 
63.927 61.8285 35.0752 261.905 
65.1919 50.2775 13.3298 284.716 
66.2529 58.0009 55.9894 287.321 
79.342 60.5838 31.0295 291.02 
81.8511 60.0004 44.5174 281.113 
78.8656 60.6614 47.0704 277.977 
87.7506 57.574 47.6756 278.963 
64.2046 57.1485 51.07 266.839 
76.8966 63.3929 54.9765 272.27 
83.3362 54.6764 52.5705 268.039 
84.6141 53.9522 56.7173 282.579 
71.85 52.8193 52.8453 275.959 
68.9813 55.8061 57.0414 262.619 
65.5503 49.2824 59.5106 272.538 
75.5562 61.4968 58.9861 261.284 
66.1461 49.7994 50.8456 274.16 
----------------------------------------------------------------
Best: 
15 15 30 25 906.05 
10.2529 9.43168 20.1917 17.9154 964.492 
10.9956 9.17077 24.1048 15.9913 951.427 
10.5016 10.4339 15.1786 20.0349 814.908 
8.15052 8.54263 25.266 17.1454 889.825 
7.33382 8.64425 20.5303 15.8726 996.302 
8.26158 7.07617 18.1348 16.8904 1214.01 
8.89346 9.49034 22.1313 18.5824 1553.39 
6.66241 9.18914 21.5605 16.7727 1817.26 
6.6567 6.92319 24.6387 19.9853 1906.48 
6.61154 8.09244 13.966 20.1786 1762.44 
8.49015 8.63374 21.7706 19.8848 1848.02 
8.81396 8.60314 18.683 19.1633 1762.52 
8.17222 8.68518 18.0705 18.0286 1735.43 
9.63694 8.01048 18.1065 18.0805 1658.04 
6.07319 7.92907 17.0935 16.1636 1630.74 
7.69942 9.39923 15.829 16.6762 1662.46 
8.69127 8.03223 16.898 16.0056 1681.38 
8.96745 8.03499 14.7669 18.3172 1762.14 
7.08312 7.81539 17.1948 17.4382 1826.53 
6.69987 8.24421 15.4996 15.8334 1795.55 
6.24093 6.91425 12.6821 17.1046 1673.12 
7.51503 9.19679 14.7919 15.681 1392.68 
6.25064 7.01821 18.3512 18.2121 1149.05 


Volume: 
100 80 170 120 
98.7471 78.5683 158.008 104.485 
95.7515 78.3975 152.903 120.093 
92.2499 76.9636 164.978 120.25 
90.0994 76.421 163.139 127.209 
89.7655 74.7768 166.281 126.515 
89.504 73.7006 169.731 134.891 
89.6105 71.2103 165.476 136.839 
92.9481 70.0211 161.821 138.201 
97.2914 72.0979 154.152 140.347 
102.68 73.0055 157.339 141.729 
104.19 72.3717 153.414 146.483 
106.376 71.7686 152.266 141.286 
110.204 72.0834 153.778 145.028 
111.567 73.0729 156.119 145.63 
115.493 73.1439 157.801 147.537 
116.794 70.7446 162.294 148.967 
116.103 68.7124 161.48 150.055 
114.135 67.6774 163.341 147.567 
113.052 67.862 165.237 147.027 
113.352 68.6178 168.737 145.96 
115.111 70.7036 173.173 146.05 
116.596 69.5068 173.897 145.869 
120.346 70.4886 170.031 140.339 

100 80 170 120 
98.3526 80.1359 154.198 104.978 
100.287 80.7345 155.523 118.951 
97.5914 81.9563 160.365 124.782 
96.1509 79.2906 153.045 122.755 
95.6309 78.1921 154.598 127.942 
95.7704 76.2511 156.041 132.021 
95.5063 74.5838 157.012 135.593 
97.4208 72.0789 155.783 132.983 
100.073 71.9508 156.317 134.275 
104.216 72.453 158.243 135.172 
106.485 71.0454 160.626 135.461 
108.311 68.6874 158.661 133.253 
112.987 70.6156 158.971 135.559 
117.192 70.9565 164.555 141.91 
117.257 71.3843 167.441 142.338 
118.751 70.3233 163.798 139.521 
117.593 68.342 166.458 139.891 
117.643 66.34 165.18 141.157 
115.878 67.1814 167.08 142.831 
115.498 68.669 168.586 143.29 
116.077 69.883 170.488 141.932 
117.701 70.1651 168.203 141.185 
120.524 70.5399 170.073 140.848 


----------------------------------------------------------------
123.552 secs
----------------------------------------------------------------
Best Fitness: 907786
Worst Fitness: 942381
----------------------------------------------------------------
P_h: 
98.5 88.6 0 276.85 
88.941 70.6999 27.9503 216.986 
59.0863 56.4129 40.1232 259.16 
85.9026 74.9542 39.6678 230.262 
82.1611 56.5727 42.7876 272.851 
65.3336 63.1587 26.9519 240.47 
81.0047 57.0264 11.8201 252.853 
68.5186 55.895 47.0468 272.618 
77.8539 62.7901 33.3961 284.588 
69.4902 65.5161 21.589 274.657 
83.9407 66.2071 13.6631 290.406 
80.1305 53.9706 14.3372 294.158 
77.6357 65.0804 47.4186 289.538 
88.8101 55.5927 49.8013 281.84 
77.8274 69.8239 54.4479 308.462 
79.8664 51.9672 51.7709 268.78 
75.2518 66.2265 49.5983 306.579 
84.9488 56.3873 54.9032 274.317 
72.7196 65.5565 37.0339 288.725 
71.5183 56.0145 57.4701 259.509 
57.3257 49.281 57.6036 292.146 
69.0071 47.0103 59.4454 278.892 
62.1823 49.6057 53.8773 269.668 
72.3216 54.6987 58.4889 257.084 
----------------------------------------------------------------
Best: 
15 15 29.9049 25 906.05 
10.8681 9.85578 22.4704 15.512 985.423 
5.76691 7.08956 19.9992 20.2299 945.217 
10.2179 10.7869 20.6313 14.3856 859.213 
9.71399 7.20956 19.8315 21.422 835.628 
6.83038 8.46749 22.8545 15.082 1014.09 
9.59149 7.59271 25.0421 16.154 1247.3 
7.28757 7.45609 18.2399 18.2606 1555.92 
8.74753 8.7351 21.3089 19.1455 1781.37 
7.20106 9.29694 22.9183 17.5104 1888.75 
9.48154 9.50575 23.7188 19.7002 1775.78 
8.70293 7.22652 23.2662 19.7579 1867.4 
8.1584 9.35998 16.442 18.1278 1750.33 
10.0817 7.46971 16.1087 16.2483 1723.96 
8.00819 10.3431 13.6824 20.7339 1619.44 
8.26582 6.92196 16.515 15.0745 1617.62 
7.54071 9.82357 17.3949 21.9409 1632.35 
9.08863 8.21816 15.5995 16.6852 1669.44 
7.21992 10.6667 20.717 18.9733 1775.97 
7.08233 8.74075 12.5194 15.003 1835.49 
5.31173 7.33795 14.3921 19.1582 1783.64 
6.68839 6.72442 12.767 18.0036 1665.65 
5.81356 7.02445 17.3081 17.0929 1414.67 
7.01945 7.84245 14.4426 15.8601 1147.41 


Volume: 
100 80 170 120 
98.1319 78.1442 155.73 106.888 
100.365 80.0547 154.73 118.163 
97.147 78.2678 161.967 126.248 
93.4331 79.0582 160.758 124.825 
93.6027 77.5907 159.211 130.374 
92.0112 75.998 157.67 134.052 
93.7236 75.5419 155.47 138.646 
94.9761 74.8068 153.22 144.542 
98.775 74.5099 146.182 145.272 
101.293 74.0041 139.667 146.881 
102.591 74.7776 134.337 150.041 
105.432 73.4176 140.673 155.632 
107.35 74.9479 145.773 162.65 
110.342 73.6049 150.476 158.358 
112.076 74.6829 155.402 159.392 
113.536 71.8593 155.485 151.134 
112.447 69.6412 160.495 150.964 
112.227 65.9745 155.24 149.385 
111.145 65.2337 162.633 149.982 
112.833 66.8957 165.679 151.541 
114.145 69.1713 172.661 146.056 
117.331 70.1469 170.406 143.356 
120.312 70.3044 169.989 140.263 

100 80 170 120 
102.324 80.0751 149.88 101.405 
100.164 76.5885 139.683 118.308 
97.3014 77.8997 139.328 127.22 
91.0106 75.7676 136.061 136.754 
90.4331 72.1946 143.094 140.912 
92.0899 67.9794 139.158 150.261 
94.7613 67.5229 134.985 148.139 
97.4806 67.8396 135.255 158.11 
97.4173 63.4182 129.333 165.009 
100.957 64.1139 119.79 162.707 
102.065 63.8148 121.706 165.624 
105.537 63.6808 132.777 175.601 
108.026 65.3484 139.21 172.611 
108.04 67.2087 141.624 167.778 
110.885 66.2376 146.866 160.687 
112.33 65.9223 148.715 157.633 
112.12 64.3331 152.796 156.185 
112.401 61.7416 155.507 152.867 
112.073 63.0075 159.507 148.012 
112.744 65.2734 162.081 146.915 
114.191 67.5393 167.787 143.478 
116.862 68.8053 169.636 142.465 
120.534 70.0712 170.709 139.995 


----------------------------------------------------------------
136.272 secs
----------------------------------------------------------------
Best Fitness: 908828
Worst Fitness: 940268
----------------------------------------------------------------
P_h: 
98.5 88.6 0 276.85 
87.296 79.2872 8.98228 233.383 
84.8176 60.6339 24.8387 225.623 
80.431 56.7267 43.2515 267.556 
79.9258 69.1503 26.2009 259.866 
79.844 71.3677 10.6878 261.11 
81.7301 57.2737 17.9039 265.575 
66.0763 52.5195 26.0807 284.665 
72.8189 57.1702 37.7264 278.231 
67.4218 56.5746 0.402429 304.607 
77.979 54.2724 34.3975 303.719 
85.1869 55.8002 42.5111 301.225 
67.0519 66.141 52.6784 309.369 
73.3506 58.8839 47.3443 284.475 
78.0095 61.5174 50.7807 290.346 
71.7875 50.471 44.9254 289.503 
73.2564 50.1004 54.4825 277.087 
76.2524 56.1595 51.6307 280.463 
66.2243 51.4853 55.4079 273.635 
69.8643 52.2498 57.3259 272.987 
69.8431 49.2678 57.742 271.399 
64.0225 50.5519 58.6207 267.622 
68.6255 50.4735 58.7807 268.271 
65.5492 51.1511 59.0381 259.354 
----------------------------------------------------------------
Best: 
15 15 30 25 906.05 
10.4136 12.4946 25.1721 18.8465 981.052 
10.0233 8.16503 22.5955 14.5695 964.086 
9.28702 7.33775 19.4551 20.0007 842.035 
9.47011 9.80412 23.0196 17.6667 854.857 
9.70762 10.9387 25.1176 17.5275 986.991 
10.4411 8.34205 23.8617 17.2579 1227.52 
7.26027 7.58917 22.4995 19.2048 1570.66 
8.2476 8.45865 20.4149 17.205 1794.05 
7.16097 8.2549 25.7783 21.2765 1890.99 
8.68435 7.69835 20.1513 21.2933 1759.63 
10.1425 7.95319 18.0825 19.6433 1825.28 
6.79685 10.3255 14.5064 21.3434 1734.76 
7.52862 8.77987 17.5834 17.2353 1735.95 
8.12802 9.34644 16.4152 18.6505 1649.35 
7.13302 7.26146 18.588 18.697 1613.31 
7.29239 7.22711 15.1496 17.0149 1675.07 
7.70857 8.60102 16.8729 17.2954 1675.49 
6.35399 7.87435 14.8881 16.5826 1793.25 
6.83395 8.00923 12.6639 16.447 1827.57 
6.82756 7.29526 13.9129 16.4382 1791.75 
6.0653 7.31045 13.3927 16.4352 1679.18 
6.59501 7.20898 13.9939 16.9286 1403.85 
6.17624 7.23316 13.1735 16.1258 1154.91 


Volume: 
100 80 170 120 
98.5864 75.5054 153.028 103.554 
96.5631 76.3404 149.432 120.584 
94.276 78.0026 157.391 125.755 
90.8059 76.1985 159.889 130.684 
88.0983 72.2598 156.224 132.612 
85.6572 69.9178 152.17 138.373 
87.397 69.3286 151.182 144.286 
89.1494 68.8699 153.147 150.943 
92.9884 69.615 143.971 152.166 
96.3041 70.9167 140.656 151.288 
96.1615 70.9635 140.193 157.423 
100.365 68.638 146.626 156.231 
104.836 68.8581 149.884 157.078 
107.708 68.5117 151.219 152.934 
110.575 69.2502 152.485 151.82 
112.283 69.0231 156.243 151.22 
112.574 66.4221 157.85 152.513 
113.22 65.5477 158.515 151.08 
112.386 65.5385 161.787 151.506 
112.559 67.2432 164.829 149.956 
114.493 68.9328 168.145 146.184 
116.898 69.7238 169.988 143.169 
120.722 70.4906 170.175 140.436 

100 80 170 120 
101.729 79.1796 159.92 105.611 
102.044 79.0361 157.271 120.622 
98.8451 77.4212 156.518 118.344 
97.0937 74.9826 155.216 124.006 
96.2429 73.4446 160.386 132.774 
93.8277 72.0425 165.314 137.502 
93.6481 70.2058 167.589 138.525 
94.4997 69.3906 172.65 138.687 
98.2875 70.2473 170.725 140.424 
103.308 71.3232 166.516 138.19 
104.748 71.4841 164.967 140.785 
108.431 71.478 165.325 147.432 
113.079 70.5302 166.979 149.482 
115.416 70.5083 166.467 145.494 
117.851 71.0148 163.768 141.865 
119.872 69.7823 170.187 143.379 
120.444 67.2014 166.852 146.45 
119.551 66.3068 164.499 140.565 
117.571 66.9964 166.163 146.306 
117.128 68.8473 167.45 144.83 
118.149 69.5365 168.222 142.417 
118.627 70.1939 169.06 142.33 
120.079 70.4834 170.131 139.926 


----------------------------------------------------------------
137.113 secs
----------------------------------------------------------------
Best Fitness: 906039
Worst Fitness: 942264
----------------------------------------------------------------
P_h: 
98.5 88.6 0 211.33 
72.0597 64.1465 16.8813 219.344 
72.3526 59.8442 14.0866 238.886 
74.4884 64.4738 48.3759 245.943 
76.9189 58.883 0 276.839 
89.8367 65.7116 45.6077 251.666 
77.5878 67.6927 41.3168 285.396 
79.7322 64.4637 22.3497 263.641 
70.8747 55.8406 54.3572 285.402 
73.6578 53.9769 51.7982 285.902 
62.014 64.9831 0 276.449 
77.3303 64.0985 48.3528 267.319 
67.8017 59.292 40.1787 285.814 
91.1018 66.0152 50.4464 291.363 
81.8876 58.6512 49.4296 282.619 
80.6956 64.966 54.7271 311.842 
63.655 64.6734 45.7261 274.413 
59.8445 55.1449 56.2695 275.491 
76.8216 56.1135 55.8951 307.186 
82.648 70.7892 55.4984 280.12 
86.2211 57.114 57.2842 270.383 
97.9743 61.5027 58.3096 285.512 
62.592 69.1796 59.3122 280.382 
66.6129 72.7674 33.5915 255.09 
----------------------------------------------------------------
Best: 
15 15 30 13 971.57 
7.46404 8.41705 24.1249 15.9105 1017.57 
7.48689 7.5376 24.2244 16.0663 974.83 
7.84538 8.23272 17.8193 15.7692 856.719 
8.35246 7.24018 27.3889 19.6832 877.359 
11.6138 8.53375 17.9918 15.5836 957.178 
8.80393 9.29915 19.2228 19.1208 1178.01 
9.23149 8.92196 22.8342 15.7531 1569.81 
7.54853 7.35142 14.037 18.6399 1773.53 
7.82512 6.85008 16.3544 17.9684 1854.66 
6.00925 8.63566 30 17.0833 1826.55 
8.0579 8.53782 16.3109 15.8576 1852.9 
6.59221 7.67598 18.7799 16.5855 1776.91 
10.2348 8.8304 15.6249 17.42 1701.07 
8.47907 7.39519 16.3793 16.0267 1657.41 
8.24759 8.51312 14.0036 20.9942 1557.77 
5.95775 8.64943 18.4305 15.5407 1681.53 
5.51158 7.16577 13.4844 15.8615 1693.25 
7.5949 7.35519 14.4277 20.7874 1743.98 
8.48825 10.4316 14.8674 17.1581 1790.94 
9.12636 7.62851 13.5472 16.121 1769 
11.8513 8.29924 13.3056 18.7614 1616.7 
5.86671 10.071 14.108 18.8563 1378.53 
6.30515 11.5771 22.3439 15.6499 1161.94 


Volume: 
100 80 170 120 
101.536 79.5829 154.075 106.489 
102.049 81.0453 148.851 122.023 
101.204 81.8126 155.496 130.379 
98.8512 82.5724 147.011 134.92 
94.2374 81.0387 148.402 137.156 
93.4335 77.7395 148.764 145.424 
93.202 75.8176 146.784 147.662 
95.6535 76.4662 151.085 148.245 
98.8284 78.6161 154.261 153.111 
104.819 78.9804 141.731 150.065 
106.761 78.4426 142.597 150.562 
111.169 78.7666 140.676 163.976 
112.934 78.9362 144.745 162.867 
115.455 80.541 146.496 165.62 
117.208 80.0279 152.403 160.251 
120.25 78.3785 153.282 161.09 
122.738 77.2127 157.44 159.232 
122.143 76.8575 158.483 156.875 
119.655 74.4259 158.777 153.201 
117.529 75.7974 161.99 151.508 
113.677 76.4982 166.528 147.614 
116.811 74.4272 172.978 142.305 
120.506 70.8501 170.114 139.961 

100 80 170 120 
101.322 81.3314 160.913 106.891 
99.6871 81.5855 166.563 122.449 
100.606 83.5238 172.282 123.032 
98.3824 80.3491 168.497 120.359 
98.5773 80.0689 167.945 123.809 
100.347 76.6805 161.518 128.008 
97.3614 76.3906 160.975 128.625 
96.6545 77.2134 155.914 134.056 
96.0264 75.4023 159.125 139.046 
99.3946 76.85 154.086 143.109 
103.224 77.7719 157.135 146.407 
104.316 77.2242 159.486 148.962 
104.802 77.0407 157.242 151.21 
109.701 78.8973 163.364 152.747 
113.616 80.2288 160.533 154.926 
116.266 77.4678 162.302 152.331 
118.434 75.7674 164.009 158.455 
117.059 73.6494 157.03 153.575 
115.651 72.3319 157.891 149.218 
111.21 71.4556 162.347 152.383 
112.945 68.1223 166.784 146.798 
115.914 69.4537 170.479 143.447 
120.102 70.6686 170.046 140.748 


----------------------------------------------------------------
137.495 secs
----------------------------------------------------------------
Best Fitness: 905659
Worst Fitness: 940970
----------------------------------------------------------------
P_h: 
98.5 88.6 0 276.85 
74.3017 58.5985 0 221.126 
88.8901 81.4011 0 236.323 
71.9032 77.7842 5.6538 265.89 
69.6904 70.4875 0 258.568 
82.9065 70.6025 35.9286 267.623 
70.7009 45.0118 0 280.881 
68.7062 55.4586 49.7308 302.584 
84.6778 42.5663 18.7006 331.279 
77.0106 44.2048 34.2448 328.959 
81.5762 50.4324 11.8153 315.751 
92.3376 63.1895 51.0938 315.876 
67.383 47.136 45.9443 328.565 
66.2664 56.1025 26.3942 277.982 
73.706 54.464 54.1436 279.171 
78.2717 50.098 51.3303 303.291 
87.1383 44.8564 44.8533 316.008 
84.4823 52.8725 50.0129 298.759 
67.0259 47.5591 55.9397 308.491 
71.9396 48.54 56.8404 269.332 
66.9548 44.5686 55.5126 265.857 
71.494 46.1579 57.9005 273.515 
67.3909 47.0205 58.4468 261.682 
67.7202 47.8708 58.73 280.34 
----------------------------------------------------------------
Best: 
15 15 30 25 906.05 
7.8174 7.37906 28.5623 16.2248 1035.97 
10.832 12.9051 27.8057 15.7165 953.386 
7.60505 12.5674 24.9093 18.3217 868.769 
7.33371 11.1349 30 15.504 891.254 
9.86671 12.3787 19.4897 15.504 952.939 
7.6095 7.03341 25.9025 15.5462 1253.41 
7.22034 9.21462 15.4672 18.0538 1523.52 
10.0736 6.75984 22.9414 22.1069 1762.78 
8.40132 6.75984 19.7088 23.4387 1835.58 
9.0376 7.60514 23.4801 20.2234 1770.42 
11.677 10.5136 12.3513 20.3496 1787.5 
6.72758 7.27371 16.8851 22.6099 1740.97 
6.43528 8.84513 21.6908 15.504 1773.26 
7.33674 8.45795 12.178 15.504 1668.52 
7.93807 7.63815 15.7198 18.0737 1587.01 
9.3873 6.75984 18.206 21.6445 1637.14 
8.95923 8.41601 16.5969 19.2264 1653.87 
6.43528 7.55007 12.5093 21.638 1760.98 
7.09161 7.67555 12.8356 15.5823 1833.35 
6.43528 6.75984 15.2833 15.504 1807.11 
7.00013 6.75984 12.178 16.9693 1670.93 
6.43528 6.75984 12.178 15.504 1415.46 
6.43528 6.75984 12.178 19.1176 1135.34 


Volume: 
100 80 170 120 
101.183 80.6209 149.638 106.175 
98.3506 76.7159 140.832 122.059 
97.7456 73.1484 140.74 132.299 
96.4119 70.0135 131.951 144.601 
93.5451 64.6348 136.972 154.006 
93.9356 63.6014 133.97 168.46 
95.7153 61.3868 141.505 169.896 
95.6417 62.627 139.551 173.692 
98.2404 64.8671 135.096 165.72 
101.203 66.262 131.905 168.438 
99.5258 63.7484 136.714 167.797 
103.798 64.4747 139.627 168.667 
109.363 64.6296 140.218 165.515 
113.026 65.1716 148.281 166.896 
115.088 65.5335 148.27 170.513 
114.701 65.7736 148.246 161.046 
113.742 63.3576 150.045 157.54 
114.306 62.8075 155.561 154.108 
113.215 63.132 159.445 155.123 
113.779 65.3721 161.013 152.128 
114.779 67.6123 165.477 147.994 
117.344 68.8525 168.409 147.773 
120.909 70.0926 169.991 140.834 

100 80 170 120 
99.1246 75.3153 152.008 105.059 
98.0808 77.4651 146.793 120.319 
94.9373 79.615 137.309 132.19 
94.3818 80.7648 144.29 142.085 
92.5481 80.9147 145.906 151.21 
93.9926 73.1259 134.274 152.505 
95.0335 70.6318 138.887 153.875 
94.5086 71.7816 140.221 161.986 
95.2435 71.5805 132.969 153.98 
96.4601 66.7303 127.011 150.413 
97.8324 64.843 133.055 158.921 
102.277 63.6714 138.236 171.577 
104.798 61.8965 149.599 162.819 
109.242 63.4174 146.857 167.301 
112.687 62.5396 154.126 162.515 
115.131 62.6895 158.144 170.379 
116.576 61.8394 159.91 162.524 
117.02 61.9892 160.66 163.334 
116.217 63.0606 161.397 157.175 
112.729 65.2105 163.134 153.707 
114.173 67.3604 165.716 153.055 
116.618 68.5102 169.919 152.403 
120.062 69.6601 170.122 140.474 


----------------------------------------------------------------
129.116 secs
----------------------------------------------------------------
Best Fitness: 909936
Worst Fitness: 939879
----------------------------------------------------------------
P_h: 
98.5 88.6 0 276.85 
71.5345 78.6867 53.5623 234.035 
71.0182 58.0029 40.7759 239.772 
71.9359 57.0937 0 236.487 
73.7338 67.0872 40.1707 243.146 
74.8497 59.6449 46.1257 264.9 
85.1699 57.8894 54.6091 257.471 
71.2586 60.2711 56.3662 266.266 
74.5031 57.8347 54.1487 261.683 
79.8768 54.9318 5.34546 253.986 
79.8392 55.4278 44.2414 263.763 
87.0896 68.3935 31.6632 270.298 
73.1113 62.6198 51.7865 268.225 
71.9222 60.681 22.8536 273.84 
75.5312 52.0624 55.623 277.139 
97.1908 56.3026 56.3691 273.494 
89.6919 61.8212 46.1913 298.474 
75.1359 71.7249 56.0018 268.301 
73.9086 67.3757 55.1541 274.704 
74.1398 56.6785 57.1563 265.41 
74.0077 49.0813 57.6168 266.915 
75.9011 52.9847 58.7056 276.318 
77.4761 53.2658 25.7943 267.627 
73.4158 50.3853 57.0255 265.248 
----------------------------------------------------------------
Best: 
15 15 30 25 906.05 
7.38376 12.2534 16.4855 19.0217 952.181 
7.2815 7.63586 20.2773 16.8327 950.431 
7.43127 7.31782 27.4905 16.3311 924.483 
7.7767 9.19957 20.3468 16.6837 865.862 
7.99914 7.9623 18.8851 18.4069 964.479 
10.0581 7.87176 15.9693 16.6898 1194.86 
7.46861 8.46016 15.4582 17.7789 1545.84 
7.86876 8.03301 16.912 17.3222 1791.83 
8.6333 7.36787 25.919 16.3898 1925.86 
8.46362 7.26887 19.1112 17.9671 1786.73 
9.75803 9.84898 21.6473 17.5696 1852.56 
7.31602 8.80885 16.6474 16.9601 1774.26 
7.04277 8.37662 23.1694 17.0854 1770.7 
7.46581 6.72375 14.7608 17.6943 1669.64 
11.3427 7.31478 14.766 16.2936 1586.64 
9.76919 8.39482 18.955 21.2466 1633.82 
7.43924 11.2915 15.6381 16.6971 1668.84 
7.27713 10.9355 16.3532 17.3403 1768.86 
7.33393 8.7293 15.3603 16.1835 1826.62 
7.32238 7.17486 15.7749 16.3785 1792.38 
7.57589 7.66257 15.6857 18.0692 1656.09 
7.77301 7.67121 23.7133 17.0106 1425.84 
7.16603 7.09914 15.7212 16.8528 1143.93 


Volume: 
100 80 170 120 
101.616 75.7466 161.714 103.378 
102.335 77.1108 160.437 118.146 
101.903 78.793 157.33 118.3 
100.127 77.5934 159.518 121.894 
99.1276 76.6311 159.7 130.977 
97.0695 74.7593 161.826 134.634 
98.6009 73.2992 165.566 135.741 
100.732 73.2662 167.675 134.388 
103.099 74.8983 158.096 133.456 
106.635 76.6294 156.314 132.401 
106.877 74.7804 153.333 140.75 
110.561 73.9716 156.517 142.901 
115.518 74.595 153.374 147.463 
119.053 76.8712 158.779 146.416 
117.71 77.5564 161.864 153.292 
116.941 76.1616 160.752 146.806 
117.501 70.8701 165.18 144.875 
117.224 66.9346 166.911 146.49 
115.89 66.2053 168.385 145.945 
115.568 68.0304 173.178 145.919 
115.992 69.3679 177.762 143.21 
117.219 69.6966 171.1 141.975 
120.053 70.5975 170.13 140.807 

100 80 170 120 
97.8142 78.4467 153.761 107.24 
94.7856 79.4075 143.791 122.119 
93.1227 81.4651 151.489 127.316 
87.6586 79.2859 148.349 137.126 
88.7314 78.2454 141.278 141.346 
86.4355 77.3134 140.104 152.868 
82.9917 77.3267 137.3 157.725 
85.4128 74.963 132.32 156.785 
90.6332 76.8251 135.486 156.063 
93.9648 72.3094 133.036 160.619 
93.7175 72.4841 133.182 156.987 
96.1277 70.671 137.263 150.003 
102.511 70.1054 141.824 152.34 
99.405 69.2162 142.611 150.885 
101.678 68.1214 141.295 158.008 
105.061 67.4965 154.427 157.096 
107.444 63.6375 160.893 155.963 
108.827 63.063 161.313 152.456 
109.083 64.1308 161.859 148.905 
110.467 66.1986 166.739 148.026 
112.85 68.2664 169.102 146.124 
116.233 69.3342 169.85 143.145 
120.617 70.402 170.162 140.672 


----------------------------------------------------------------
113.117 secs
----------------------------------------------------------------
Best Fitness: 908902
Worst Fitness: 937814
----------------------------------------------------------------
P_h: 
98.5 88.6 0 276.85 
73.43 66.1631 6.82324 231.111 
66.7921 56.6858 0 236.704 
85.3814 58.3711 0 247.112 
85.0798 78.7452 3.91255 283.458 
91.4124 72.7795 32.4888 275.961 
63.2279 67.9503 0 304.658 
63.9963 50.5871 0 285.531 
91.3957 51.2202 24.5619 318.156 
65.1819 71.0104 44.7591 303.662 
68.8396 67.1241 32.6207 287.745 
71.0538 49.1488 49.4096 316.549 
93.8132 50.0627 48.9941 299.043 
67.3504 51.1568 42.7529 298.404 
68.2121 52.5883 45.3308 306.005 
68.768 70.3101 53.2764 286.75 
69.1014 62.4399 53.6625 272.576 
89.2744 68.9304 54.1186 271.529 
68.8849 44.6983 55.1983 269.196 
68.7821 45.5576 56.5803 267.457 
68.8299 46.8635 58.1641 265.255 
69.0203 48.3031 58.8971 260.878 
69.3202 48.9785 58.7495 261.536 
69.6713 49.6635 58.8233 253.181 
----------------------------------------------------------------
Best: 
15 15 29.6955 25 906.05 
7.67788 8.8301 25.4433 18.2755 1012.47 
6.68482 7.03103 28.6881 16.2129 999.818 
9.88604 7.12 28.16 16.2022 899.136 
10.1713 11.5305 24.6922 20.5952 838.805 
13.5478 10.6687 20.0263 17.399 937.358 
6.68482 10.2472 27.5205 21.7339 1214.16 
6.68482 7.02983 26.7433 18.0406 1599.89 
13.4666 7.027 20.8314 23.282 1754.67 
6.81914 11.2151 15.5618 18.9556 1835.39 
7.12913 10.5329 19.545 16.3034 1773.67 
7.34163 6.9926 13.2012 21.3419 1823.84 
12.1367 7.03247 15.4052 18.2841 1738.09 
6.68482 6.99271 18.1528 19.0271 1740.34 
6.68482 7.01297 17.8163 21.5272 1657.86 
6.68482 10.7234 14.1491 18.2142 1590.9 
6.68482 9.36592 14.1764 16.0981 1672.22 
9.85368 12.1331 14.1364 16.2129 1656.15 
6.68482 6.9926 14.1631 16.1627 1802.02 
6.68482 7.01449 14.2545 16.1989 1841.62 
6.68482 6.9919 14.1322 16.1738 1800.89 
6.68482 6.99624 13.4617 15.8229 1682.9 
6.68482 6.99271 14.123 16.1642 1411.42 
6.68482 6.9919 13.8977 15.3663 1158.66 


Volume: 
100 80 170 120 
101.322 79.1699 152.757 104.125 
102.637 81.1389 143.069 119.207 
99.7513 83.0189 139.586 128.448 
95.5799 79.4884 133.409 136.541 
89.0321 75.8197 134.3 147.302 
90.3473 71.5725 127.071 150.26 
92.6625 71.5427 127.406 152.246 
89.1959 72.5157 124.928 156.485 
93.3767 70.3006 127.298 164.272 
98.2476 68.7677 129.25 168.8 
100.906 69.7751 131.895 163.02 
99.7693 70.7426 138.834 164.281 
105.084 72.7499 141.555 158.455 
109.4 74.7369 145.868 152.333 
112.715 72.0135 147.437 152.272 
115.03 69.6476 148.938 153.99 
113.176 63.5144 150.499 151.926 
113.491 63.5218 154.744 149.94 
112.807 64.5073 160.709 147.877 
113.122 66.5154 167.395 145.867 
114.437 68.5192 169.611 144.298 
116.752 69.5265 170.187 142.266 
120.067 70.5346 169.966 140.361 

100 80 170 120 
97.7978 79.6297 161.143 103.466 
98.0252 78.0759 154.954 116.915 
96.8666 78.0673 158.552 114.894 
93.4167 77.4329 157.551 123.491 
91.8182 76.4281 162.471 131.877 
91.4834 72.8928 160.241 134.637 
92.6264 70.877 158.9 132.412 
92.8359 69.8929 157.212 137.838 
91.6398 70.5717 152.783 138.293 
95.6935 69.9165 152.9 139.919 
97.1944 69.0499 155.931 142.794 
100.515 68.296 155.151 143.181 
104.414 69.8391 158.735 144.095 
107.866 70.4259 162.807 147.843 
110.456 69.9585 163.05 148.149 
112.488 68.8729 162.04 144.489 
112.943 66.7825 164.404 146.307 
113.207 65.7145 161.253 146.955 
111.847 64.9178 161.454 144.697 
112.578 66.5995 163.529 146.766 
114.009 68.5764 167.323 145.355 
116.608 69.4289 169.961 143.083 
120.284 70.3047 170.188 140.299 


----------------------------------------------------------------
166.442 secs
----------------------------------------------------------------
Best Fitness: 910785
Worst Fitness: 941795
----------------------------------------------------------------
P_h: 
98.5 88.6 0 276.85 
71.2273 69.3831 1.28687 219.503 
80.42 57.8697 21.7343 255.758 
91.9299 75.2352 0 263.493 
68.7885 66.4455 10.3928 262.414 
81.1161 70.1003 3.20318 291.922 
86.652 63.1833 0 287.627 
74.4165 51.6592 44.431 274.389 
64.6866 67.927 42.2489 303.357 
81.3397 57.0804 6.28334 300.469 
74.5407 51.8888 19.9706 290.381 
81.6649 52.5603 49.333 278.725 
81.1366 51.0744 50.4674 285.858 
74.2848 57.8175 46.2638 292.426 
76.5818 69.2692 44.2679 281.813 
79.0711 50.8371 38.5154 279.149 
65.0544 56.7737 42.5214 273.382 
65.4321 52.2763 55.267 297.748 
65.3623 47.7613 54.4389 279.512 
72.3924 48.1618 54.8994 284.9 
70.7016 49.3701 56.3008 269.107 
73.7346 50.5267 57.2343 263.66 
65.5834 51.0186 57.9007 259.07 
65.9216 51.5101 58.3883 255.898 
----------------------------------------------------------------
Best: 
15 15 30 25 906.05 
7.33721 9.54196 26.1139 15.9383 1028.6 
8.85069 7.30883 23.0165 19.4112 944.218 
12.1059 10.8488 27.9066 19.2859 859.342 
7.2941 9.12909 24.3104 18.1173 881.959 
9.63623 10.3753 25.1784 22.9985 963.658 
11.5091 9.40868 26.1171 20.9442 1212.54 
8.56489 7.36795 17.2676 17.2894 1555.1 
6.81801 11.0749 18.4233 21.1761 1761.78 
9.54798 8.65417 24.6066 21.585 1874.83 
8.04262 7.55315 22.0768 19.9336 1793.22 
9.25574 7.62089 15.024 16.9607 1847.72 
9.02829 7.29511 15.3511 17.2899 1761.46 
7.68606 8.3728 17.4763 18.744 1729.21 
7.91904 11.1554 18.252 17.523 1658.07 
8.24092 7.35654 19.5332 17.1131 1622.43 
6.2322 8.58888 18.4845 16.1148 1692.27 
6.24856 8.04457 12.9453 19.5345 1669.28 
6.22786 7.31466 14.4422 16.6623 1792.93 
7.15072 7.29648 14.3645 18.0758 1819.65 
6.92332 7.29404 11.7073 16.1881 1794.52 
7.31694 7.2861 11.6926 15.6767 1674.84 
6.22128 7.28552 11.7172 15.5824 1416.43 
6.22137 7.28552 11.6914 15.687 1158.28 


Volume: 
100 80 170 120 
101.663 78.458 152.086 106.462 
100.812 80.1492 148.07 118.651 
95.7062 78.3004 144.5 125.479 
94.4121 77.1713 141.582 130.378 
91.7759 73.796 139.819 135.286 
88.2668 70.3873 134.845 138.652 
88.7019 70.0194 138.342 146.541 
91.8839 66.9445 142.803 151.482 
93.3359 67.2903 137.17 147.165 
97.2933 68.7371 130.28 145.654 
98.0376 69.1163 137.878 153.3 
100.009 69.8211 143.224 158.087 
104.323 70.4483 145.557 154.367 
107.404 68.2929 146.954 152.195 
109.163 68.9364 144.402 152.559 
111.931 67.3475 144.209 154.696 
113.683 65.3029 152.66 154.695 
114.455 64.9883 152.807 156.517 
113.304 65.6918 154.279 151.386 
113.381 67.3978 158.845 149.64 
114.064 69.1117 163.617 148.328 
116.842 69.8261 167.12 144.453 
120.621 70.5406 170.04 140.459 

100 80 170 120 
99.9991 77.311 157.221 105.086 
98.2689 76.6953 156.112 118.793 
95.0761 77.7306 159.804 122.54 
93.0107 75.6293 157.637 124.869 
91.7183 72.3547 159.829 127.948 
91.2574 68.4406 154.615 135.576 
92.7874 66.5116 160.465 137.511 
93.1875 66.0273 163.121 142.001 
93.3446 67.0224 158.948 137.414 
99.2717 67.8269 159.254 135.527 
99.8259 69.0913 156.387 140.246 
102.497 68.7919 157.134 141.947 
108.042 70.4889 163.923 149.38 
111.195 69.6428 158.14 149.063 
114.627 69.0985 155.314 145.859 
115.411 69.1683 156.016 150.396 
115.189 65.9031 158.131 151.104 
115.226 65.1073 159.398 150.892 
113.59 64.4692 158.165 147.113 
114.097 66.7603 164.286 146.682 
115.046 69.0803 168.664 146.294 
117.885 70.4233 172.53 143.435 
120.596 70.3801 170.149 139.933 


----------------------------------------------------------------
150.512 secs
----------------------------------------------------------------
Best Fitness: 910576
Worst Fitness: 941041
----------------------------------------------------------------
P_h: 
98.5 88.6 0 276.85 
79.2688 73.2094 45.9181 223.199 
80.0165 69.7451 13.8093 254.227 
67.2075 61.399 31.0055 262.867 
88.7911 64.7301 29.6135 243.253 
76.9914 62.684 26.1479 250.944 
77.0315 61.8534 39.9355 265.367 
65.5436 62.5325 11.6462 260.683 
66.8454 65.2363 14.1843 284.566 
87.122 63.8562 29.3458 273.922 
68.0001 57.8624 14.6143 287.329 
78.9376 51.9733 49.677 301.618 
69.9962 49.1093 52.8087 288.795 
81.8314 51.4227 55.7163 296.208 
78.2766 57.6892 44.8238 276.981 
83.2178 51.0036 56.785 266.674 
83.4092 57.0118 37.6201 294.082 
70.6793 47.9887 47.4088 266.706 
73.535 50.9653 57.2957 265.918 
73.3183 47.2948 53.9147 270.68 
71.1421 50.4073 57.4805 276.311 
80.2728 51.922 58.6944 262.951 
70.7453 55.4785 56.3863 262.904 
80.2578 50.8044 59.0231 264.363 
----------------------------------------------------------------
Best: 
15 15 30 25 906.05 
8.67454 10.5009 18.9082 16.606 968.405 
8.85648 9.8678 24.5481 19.2356 942.203 
6.84522 8.17213 22.0359 22.2873 867.522 
11.2728 8.8764 22.2891 16.5539 863.612 
8.75273 8.70679 22.7562 16.7998 993.233 
8.8194 8.92804 20.2585 18.2911 1205.81 
6.84522 9.39933 24.7769 16.6146 1599.59 
6.89569 10.3703 24.0922 20.4949 1809.17 
10.4666 10.2756 21.3032 17.405 1865.75 
6.84522 9.0021 23.3555 18.5166 1802.19 
8.41755 7.90175 15.7984 20.8737 1827.79 
6.94757 7.33726 15.0215 17.8612 1769.29 
8.58911 7.54893 13.8751 19.5706 1714.82 
7.94545 8.60227 18.8398 17.0293 1672.23 
8.67057 7.35924 13.384 15.9758 1612.32 
8.69235 8.60649 20.6728 20.2344 1657.88 
6.84522 7.19066 18.3016 16.5601 1707.22 
7.22381 7.78133 12.3802 15.8534 1792.29 
7.21686 7.06099 16.3623 16.1867 1834.79 
6.92715 7.37851 14.1596 17.6361 1784.66 
8.21312 7.44904 12.8656 15.7996 1666.16 
6.84522 8.05971 15.7697 16.0239 1404.49 
8.11827 7.18292 13.1784 16.7275 1135.55 


Volume: 
100 80 170 120 
100.325 77.4991 159.292 105.794 
99.469 76.6313 153.744 118.158 
99.6238 77.4592 157.382 114.779 
94.351 76.5828 157.451 122.773 
92.5982 74.876 155.407 128.01 
91.7788 71.948 157.594 132.008 
93.9336 69.5486 152.446 138.149 
97.0379 67.1784 146.88 137.913 
97.5713 65.9028 142.35 145.285 
102.726 65.9007 136.29 150.86 
104.309 65.9989 143.328 151.29 
108.361 66.6616 149.427 156.784 
111.772 68.1127 155.972 153.012 
114.826 68.5104 154.981 151.004 
116.156 69.1512 159.524 148.903 
116.463 67.5447 156.345 147.509 
117.618 66.354 157.317 144.333 
117.394 65.5727 161.988 149.152 
116.178 66.5117 162.077 151.267 
116.25 68.1332 164.332 146.011 
116.037 69.6842 168.465 146.574 
118.192 69.6245 167.683 144.709 
120.074 70.4415 170.097 140.848 

100 80 170 120 
100.925 80.0485 158.142 105.182 
94.9718 79.8457 155.371 119.677 
91.42 81.2853 157.575 122.025 
89.1468 81.5699 161.304 121.671 
87.0887 80.8657 163.696 128.378 
86.467 76.9716 166.541 129.558 
87.8088 73.9172 164.046 135.271 
90.8689 74.1015 166.093 134.025 
94.0104 75.0585 165.419 137.281 
97.3829 74.5453 164.38 135.264 
101.049 72.8716 162.423 138.687 
102.725 71.6832 164.933 136.169 
107.771 72.0552 167.554 140.115 
111.48 72.9289 168.137 141.378 
114.72 73.4237 169.864 141.62 
116.176 71.3241 171.205 146.87 
116.953 69.2773 171.738 145.767 
116.948 68.6371 172.108 147.258 
115.505 68.6822 174.262 145.758 
114.741 69.7229 175.924 144.084 
115.516 70.8115 177.897 141.757 
117.184 70.8897 175.225 141.186 
120.638 70.0469 170.921 139.134 


----------------------------------------------------------------
153.759 secs
----------------------------------------------------------------
Best Fitness: 909226
Worst Fitness: 943680
----------------------------------------------------------------
P_h: 
98.5 88.6 0 211.33 
92.3611 56.2962 55.8691 223.847 
87.3522 63.9239 46.8229 238.238 
63.7554 57.7921 0 240.373 
63.5799 80.0687 58.3536 244.483 
63.7106 77.6033 37.2985 252.191 
73.0117 58.2495 0 253.872 
84.3408 57.979 55.0704 280.17 
78.579 56.821 7.68042 269.411 
64.9447 58.4079 57.0968 263.053 
86.3809 58.8369 44.6317 275.911 
66.2713 58.2249 0 285.329 
93.8663 58.3451 0.269046 301.436 
67.2374 52.551 35.6553 302.625 
77.1078 68.1743 52.9942 295.017 
91.634 52.6229 53.7816 284.622 
68.0708 58.4213 45.2064 288.085 
68.2626 55.4402 55.6348 279.851 
68.3166 59.941 55.2938 282.848 
86.6221 56.5692 54.5413 277.133 
67.9094 57.1616 57.1552 288.572 
68.1146 65.9881 58.5617 303.603 
68.4243 61.3236 58.1344 290.271 
68.7775 49.2502 59.0618 252.784 
----------------------------------------------------------------
Best: 
15 15 30 13 971.57 
12.0589 6.98231 15.3505 16.7291 961.627 
10.9024 8.13042 18.9565 16.1131 923.663 
6.57361 6.95012 27.698 16.6207 928.08 
6.57361 11.7621 14.7069 16.863 843.515 
6.57361 12.066 21.4947 16.1391 979.196 
7.95365 8.14021 29.7282 16.6508 1264.87 
10.2358 8.24239 15.3182 21.0355 1522.44 
8.93517 8.04421 25.4538 16.8349 1827.51 
6.57361 8.23007 13.4276 16.1131 1876.5 
10.0375 8.21098 19.299 16.638 1764.24 
6.57361 8.11758 28.1583 18.7225 1900.18 
11.6815 8.15726 25.8383 22.5663 1776.08 
6.57361 6.98231 20.0281 21.0149 1741.93 
7.85258 9.906 15.0516 18.4464 1636.71 
10.432 6.98231 14.8525 16.6209 1587.34 
6.57361 8.04316 18.3321 17.3352 1670.22 
6.57361 7.73375 14.6453 16.4775 1680.81 
6.57361 8.74869 14.8742 16.6563 1773.6 
9.3906 8.15385 15.449 16.1225 1805.13 
6.57361 8.15462 13.3439 18.0077 1769.2 
6.57361 10.0255 13.4049 21.7685 1623.73 
6.57361 9.23539 14.61 20.7379 1371.85 
6.57361 6.98231 13.3439 15.3858 1160.13 


Volume: 
100 80 170 120 
96.9411 81.0177 162.849 105.671 
94.0387 81.8873 162.893 121.158 
94.4651 83.9371 164.254 119.888 
93.8915 80.175 170.432 121.981 
94.3179 75.109 167.641 133.54 
94.3643 72.9688 154.436 131.596 
93.1284 71.7264 159.454 132.055 
94.1932 71.6822 155.02 144.949 
98.6196 72.4522 160.968 144.154 
100.582 73.2412 159.847 152.969 
104.008 73.1236 148.307 147.674 
103.327 72.9663 144.736 144.407 
108.753 74.984 142.492 151.551 
111.901 74.078 150.24 158.942 
111.469 75.0957 152.118 162.35 
113.895 74.0525 150.621 160.066 
115.322 72.3188 158.314 158.441 
115.748 70.5701 157.995 160.117 
112.357 70.4162 158.163 158.64 
112.784 71.2616 161.127 155.506 
114.21 70.2361 167.861 149.187 
116.637 69.0007 168.979 141.793 
120.063 70.0184 170.363 139.812 

100 80 170 120 
99.0029 80.6886 155.633 106.813 
98.5443 82.4264 152.603 121.21 
95.3129 84.0714 156.332 125.876 
94.2495 84.1872 156.612 131.267 
95.2908 80.7553 161.303 138.735 
96.9125 79.4113 154.667 132.479 
95.667 75.9163 154.875 127.552 
99.7784 71.006 151.301 135.708 
104.261 73.1299 149.87 134.628 
108.403 74.1969 148.093 137.044 
109.144 74.7765 148.25 141.634 
108.196 74.92 151.524 144.321 
110.499 75.3646 153.428 150.462 
113.642 71.5135 161.016 150.242 
117.436 72.6271 166.008 152.793 
119.459 72.4194 169.395 152.294 
119.178 71.156 172.51 144.706 
119.333 70.0122 168.639 137.892 
119.125 68.727 169.752 139.609 
118.893 69.487 169.557 138.713 
116.877 69.7914 162.544 138.681 
117.043 69.9019 166.622 137.087 
120.791 70.7908 169.936 140.504 


----------------------------------------------------------------
148.21 secs
----------------------------------------------------------------
Best Fitness: 909224
Worst Fitness: 940584
----------------------------------------------------------------
P_h: 
98.5 88.6 0 276.85 
79.5179 69.7673 52.1575 222.956 
84.6385 61.3737 0 248.946 
74.1228 61.2774 36.8798 250.381 
73.3019 73.0151 3.08114 249.788 
82.3509 62.8244 6.8183 275.013 
72.2684 65.6553 36.4171 260.991 
73.9878 56.7815 16.1896 271.512 
84.3689 57.6392 43.0115 274.716 
73.5452 63.8067 0 293.146 
81.9562 59.7812 51.0616 311.736 
74.6501 65.9243 0 278.249 
83.8323 52.9862 52.4815 280.333 
64.4909 59.7971 41.0961 300.443 
95.6396 71.1463 51.5011 320.176 
77.5487 54.9272 53.0139 283.592 
77.4532 56.027 51.7448 287.107 
66.2739 51.6693 57.8494 284.421 
70.8766 49.3102 53.5346 273.458 
65.0843 46.685 54.387 268.962 
68.9138 49.7833 57.5092 269.424 
71.6616 49.3568 58.8591 275.368 
65.5802 49.7429 57.7429 260.516 
65.9195 50.3564 58.9751 256.875 
----------------------------------------------------------------
Best: 
15 15 30 25 906.05 
8.7208 9.63198 17.0335 16.5604 965.601 
9.82841 7.95589 27.3943 18.0294 965.042 
7.96523 7.81723 20.9151 18.6031 867.339 
7.93519 10.3419 25.9935 16.5284 890.814 
9.81812 8.50594 25.2208 20.7606 982.993 
7.92165 9.50035 20.2458 16.6479 1214.67 
8.15613 7.96656 23.7241 16.9003 1581.53 
10.2108 8.13118 18.396 16.8752 1780.26 
7.92264 9.32849 26.2915 18.7802 1889.5 
9.22757 8.49187 14.6322 23.7567 1725.46 
7.86034 9.99605 25.6633 16.1476 1891.18 
9.34795 7.49301 13.5814 16.6336 1760.37 
6.22304 8.63884 18.8085 18.4012 1734.17 
11.6866 11.599 15.8958 25 1591.54 
7.97038 8.10306 15.107 17.404 1600.92 
7.92227 8.49711 16.637 18.2265 1657.67 
6.36545 7.97332 13.4254 18.3174 1679.79 
6.95516 7.64836 16.8401 16.8064 1792.82 
6.22163 7.10591 16.3848 16.6409 1844.88 
6.69714 7.42631 14.6656 16.6802 1794.37 
7.03774 7.14329 12.9422 17.6809 1664.75 
6.22163 7.10591 15.0133 15.8636 1416.42 
6.22163 7.10591 13.4924 15.7668 1157.87 


Volume: 
100 80 170 120 
100.279 78.368 161.166 105.84 
98.4508 79.4121 152.772 119.41 
97.4856 80.5949 157.578 117.841 
95.5504 78.253 154.045 128.707 
92.7323 76.7471 148.745 128.861 
92.8106 73.2467 147.252 138.207 
93.6545 72.2802 145.688 146.527 
93.4436 72.149 144.719 149.898 
96.521 71.8205 137.084 154.841 
99.2934 72.3286 141.629 149.481 
101.433 70.3326 134.02 159.625 
103.085 70.8396 142.995 157.623 
108.862 71.2007 143.538 164.885 
108.176 68.6018 149.987 153.467 
110.205 68.4987 150.596 154.871 
111.283 67.0016 156.284 152.541 
112.917 65.0283 164.428 149.33 
112.962 64.3799 164.613 149.161 
112.741 65.274 164.091 145.945 
113.043 66.8477 166.354 146.105 
114.006 68.7044 169.282 144.809 
116.784 69.5985 169.071 143.611 
120.562 70.4926 170.043 140.786 

100 80 170 120 
101.369 77.8065 159.882 106.571 
98.508 75.3544 154.363 120.84 
94.959 77.8669 167.235 125.373 
94.7945 76.7384 169.096 132.583 
95.1144 75.197 173.319 127.003 
96.1501 72.1786 174.349 132.509 
95.5198 70.7609 165.241 139.352 
93.9341 72.2332 163.602 139.54 
98.9666 73.7013 164.298 151.738 
102.602 73.64 161.244 149.676 
102.176 71.2305 157.885 154.844 
104.135 71.4199 167.101 165.116 
107.193 66.7608 175.537 163.045 
108.789 69.0971 181.368 150.528 
112.821 69.7889 185.513 148.858 
114.3 70.4851 189.08 147.405 
114.904 65.2992 183.719 140.241 
115.436 63.9836 183.661 147.888 
115.468 65.819 178.258 148.472 
116.077 67.2174 183.726 145.12 
118.11 70.0527 185.787 149.775 
118.222 69.8684 178.253 141.965 
120.967 70.1646 170.241 140.099 


----------------------------------------------------------------
148.174 secs
----------------------------------------------------------------
Best Fitness: 907587
Worst Fitness: 937259
----------------------------------------------------------------
P_h: 
98.5 88.6 0 211.33 
94.441 65.0434 14.404 213.17 
60.0696 74.4456 48.6413 235.537 
83.9462 51.4685 36.7342 259.644 
59.2751 65.088 2.57341 243.745 
84.3516 74.8447 45.177 255.979 
70.4635 65.3032 0 264.138 
64.9652 55.7442 13.8707 292.805 
79.8515 46.7238 47.7763 297.029 
75.7875 69.5118 48.8072 305.335 
66.3713 60.9505 54.1142 308.782 
69.923 63.4843 11.1046 274.072 
67.487 65.3084 49.7208 276.875 
65.0774 61.6962 48.2306 290.259 
85.0241 45.996 55.7626 319.061 
90.0245 50.1745 54.6286 273.745 
89.5982 44.9528 43.3095 285.993 
80.5286 48.1189 58.0081 304.868 
81.222 51.1385 54.5454 292.287 
68.0931 62.4112 51.4687 284.156 
66.8295 46.7472 57.5079 253.758 
64.8245 47.3222 57.5011 285.516 
63.7976 69.1802 59.1371 279.437 
93.6995 45.157 57.1828 256.569 
----------------------------------------------------------------
Best: 
15 15 30 13 971.57 
13.2086 8.59801 24.4633 14.9023 1002.94 
5.96603 10.7681 17.6851 15.3703 941.307 
9.98062 6.32648 21.3689 17.6593 858.207 
5.96603 8.56752 26.1249 15.1318 919.319 
10.4151 11.2299 19.2361 15.9502 949.648 
7.69107 9.6251 27.8516 15.6593 1250.09 
6.76032 7.94653 24.0372 19.8365 1572.61 
9.12796 6.33483 17.2156 19.0078 1768.62 
8.22795 10.7318 16.8865 19.6184 1820.56 
6.61604 8.8843 14.5389 20.8676 1739.78 
7.00359 9.62407 24.3678 15.7021 1891.42 
6.56677 10.431 16.5777 16.2217 1770.61 
6.16721 9.74572 17.3404 17.0468 1734.74 
8.89949 6.63436 13.7711 22.9598 1624.16 
9.76681 7.20251 15.527 15.555 1601.43 
9.71379 6.32648 19.6442 17.5195 1666.15 
8.2101 6.90162 13.3093 21.7985 1648.48 
8.3499 7.43465 16.5878 19.3664 1760.81 
6.54445 9.78325 17.6227 19.0403 1813.87 
6.37846 6.67834 14.7653 14.7142 1815.16 
6.11306 6.51083 14.9781 19.2144 1664.84 
5.96603 11.0616 12.0302 18.9718 1378.45 
10.3946 6.32648 15.6139 15.8358 1137.39 


Volume: 
100 80 170 120 
95.7914 79.402 153.737 107.498 
97.8254 77.6338 155.052 123.727 
94.8448 80.3074 163.891 130.531 
94.8787 79.7398 155.33 133.085 
91.4636 75.5099 160.843 138.503 
91.7726 71.8848 148.284 148.969 
94.0122 70.9383 145.229 148.368 
94.8843 72.6035 147.935 157.212 
97.6563 70.8717 148.434 161.631 
103.04 70.9874 151.969 157.979 
106.037 69.3633 144.164 159.164 
110.47 66.9324 148.934 157.481 
116.303 66.1866 150.482 164.802 
118.403 68.5523 155.902 158.42 
118.636 69.3498 158.973 160.205 
117.923 70.0233 159.974 156.457 
117.713 69.1217 165.066 150.185 
116.363 68.687 166.394 150.463 
115.818 66.9038 164.308 144.732 
116.44 69.2254 166.794 146.606 
118.327 71.7146 167.795 145.014 
121.361 68.653 172.927 140.807 
120.966 70.3265 170.104 139.95 

100 80 170 120 
97.4508 78.2418 148.2 107.666 
98.8677 78.7198 138.386 119.845 
94.4715 80.5815 144.344 132.166 
91.8201 73.5815 145.591 140.631 
86.6249 71.9681 146.437 148.544 
88.0418 71.2028 144.332 150.411 
90.4587 70.8748 149.667 158.34 
93.8756 72.1035 144.547 164.461 
98.2925 68.2401 146.743 170.876 
103.709 70.5105 135.725 174.769 
103.941 71.622 139.007 168.372 
105.516 70.1113 142.227 179.671 
110.933 72.256 144.748 172.849 
114.13 74.0458 152.28 175.212 
115.635 75.2519 157.206 170.818 
114.582 73.9652 157.654 164.064 
114.831 69.7642 163.634 157.621 
115.248 69.0409 165.067 159.553 
114.665 66.9507 165.191 156.604 
115.082 69.2046 171.822 149.67 
114.219 68.8829 175.183 144.176 
116.636 69.8622 181.131 141.789 
120.053 70.1642 170.255 139.819 


----------------------------------------------------------------
168.114 secs
----------------------------------------------------------------
Best Fitness: 908928
Worst Fitness: 944814
----------------------------------------------------------------
P_h: 
98.5 88.6 0 276.85 
88.9653 64.8756 9.27811 220.07 
68.0241 66.9414 50.7629 242.726 
68.0309 66.5792 22.9883 247.616 
89.9436 70.1424 53.7942 274.74 
81.4439 65.695 42.4414 260.84 
80.5095 64.7116 43.8466 252.602 
65.4248 60.2985 57.1252 252.249 
66.4341 52.0493 38.9543 274.001 
67.6581 57.2249 32.1166 252.815 
82.1571 57.6513 28.2291 269.446 
73.3816 59.2786 37.4538 292.719 
84.0933 53.501 31.6442 279.233 
70.6067 62.3897 48.111 295.902 
72.0569 54.073 57.2607 275.935 
79.7164 60.394 50.1542 282.93 
75.0685 61.2077 46.173 290.639 
71.7584 65.7836 56.0848 270.663 
71.7611 56.3667 50.6008 272.711 
84.5939 53.568 46.2944 278.864 
71.3864 59.0151 57.453 260.449 
71.5264 54.9383 57.1128 281.493 
71.7776 52.5032 58.8682 256.092 
80.8942 51.2266 57.1993 258.317 
----------------------------------------------------------------
Best: 
15 15 30 25 906.05 
10.8752 8.56382 25.1344 16.0371 1006.81 
6.97709 8.93593 16.9127 16.7348 931.546 
6.97717 8.85057 23.5138 15.9878 884.786 
11.7809 9.77679 16.371 21.6276 801.379 
9.82077 9.17363 19.9785 17.6749 959.579 
9.78793 9.45041 19.9146 16.5122 1208.33 
6.97709 8.83768 15.8012 15.882 1564.9 
6.97709 7.31092 21.2961 18.8696 1808.56 
6.97709 8.07338 22.3041 15.8159 1910.19 
9.17776 8.03311 22.6322 17.5226 1792.52 
7.59933 8.36356 20.5958 21.4088 1847.17 
9.29939 7.30381 21.7181 18.1144 1781.53 
6.99296 8.82606 17.8666 21.0987 1722.99 
7.09732 7.18778 13.6644 17.0444 1670.67 
8.14185 8.27297 17.7295 18.0461 1596.81 
7.43751 8.61564 18.8729 20.5981 1656.91 
6.97709 10.1343 15.0368 17.2524 1675.71 
6.97709 8.44692 17.6162 17.3108 1788.56 
8.92639 7.93958 18.7713 18.8509 1816.68 
6.97709 8.92788 14.0757 15.985 1791.7 
6.97709 8.05186 15.3281 19.0357 1654.93 
6.97709 7.58536 13.8443 15.6782 1410.76 
8.21253 7.29496 15.6382 16.0512 1142.36 


Volume: 
100 80 170 120 
98.1248 79.4362 153.066 106.363 
99.1477 79.5002 155.153 121.228 
99.1705 79.6497 159.514 130.375 
93.3896 77.8729 161.684 125.66 
90.5688 75.6993 161.619 131.499 
88.7809 72.2488 165.336 131.358 
90.8038 70.4112 171.132 135.454 
93.8267 71.1002 169.797 136.499 
97.8496 72.0269 164.921 136.485 
100.672 72.9938 159.103 140.258 
103.073 72.6302 154.796 141.153 
104.773 73.3264 154.329 145.671 
109.78 73.5003 155.095 145.168 
113.683 75.3125 162.093 149.842 
115.541 75.0396 160.661 149.662 
117.103 73.4239 159.711 142.729 
118.126 69.2896 162.004 143.206 
118.149 67.8427 161.098 144.768 
115.223 67.9031 158.92 140.954 
115.246 67.9753 163.955 142.585 
116.269 68.9234 168 142.321 
118.292 69.338 170.073 140.718 
120.079 70.0431 170.34 139.995 

100 80 170 120 
102.929 82 154.716 106.57 
104.858 78.0819 147.845 116.261 
100.839 81.0189 136.045 126.256 
100.768 80.7441 129.001 136.719 
96.7485 79.6117 131.067 147.724 
93.7291 79.6117 120.33 147.169 
91.7098 80.6117 121.166 159.551 
90.8884 76.3393 118.773 171.933 
92.6993 72.4212 119.836 178.881 
96.7397 68.5031 122.875 187.323 
97.3203 63.585 120.466 188.215 
102.249 60.2281 119.472 180.327 
103.23 63.2281 131.97 183.528 
106.986 63.6309 143.609 191.871 
110.915 58.7128 142.114 184.387 
109.383 59.7128 134.851 172.066 
111.312 59.3794 138.739 175.268 
112.241 58.5534 151.862 177.136 
112.17 60.5534 154.583 167.246 
113.099 63.2265 158.638 155.904 
113.185 65.8996 164.185 152.764 
116.114 67.5728 166.906 143.293 
120.043 69.2459 170.798 140.153 


----------------------------------------------------------------
186.744 secs
----------------------------------------------------------------
Best Fitness: 909563
Worst Fitness: 942952
----------------------------------------------------------------
P_h: 
98.5 88.6 0 276.85 
90.0344 63.181 0 221.579 
78.4025 70.3959 13.4941 235.049 
82.0333 60.9468 53.0488 246.642 
68.9716 55.7168 17.9105 257.883 
64.6963 59.3331 16.6053 284.917 
60.0558 62.1496 56.6967 263.61 
68.6074 68.9973 57.3665 298.584 
75.5702 55.2174 37.5793 272.95 
80.0068 54.1924 51.1378 258.641 
86.4758 66.6019 55.4138 269.791 
75.4827 69.7354 53.6648 268.295 
78.2026 60.5989 53.9769 277.816 
64.6837 56.2139 0 253.052 
67.8543 58.7713 49.5598 260.48 
68.2854 64.0517 31.1156 299.083 
85.7658 77.1475 50.3056 266.806 
74.8826 52.5212 56.3206 266.525 
90.3993 68.7758 57.4688 301.822 
65.3354 52.5062 34.8834 262.627 
93.2987 65.0467 58.4739 256.005 
64.5593 64.042 56.7076 282.946 
87.6434 51.4093 60.1049 265.711 
78.9468 58.2757 29.9413 257.531 
----------------------------------------------------------------
Best: 
15 15 30 25 906.05 
11.2034 8.22678 26.6487 16.3065 1015.21 
8.71137 9.66085 24.1622 15.5341 962.659 
9.59712 7.79012 16.2944 15.4539 847.329 
7.38729 6.85329 23.9833 15.7708 889.518 
6.75201 7.45881 24.1253 20.7018 984.448 
6.05093 8.14725 12.282 16.0405 1207.49 
7.14183 9.78988 12.2046 20.8762 1506.44 
8.11986 7.21223 20.6925 17.5704 1798.68 
8.75098 6.8457 16.852 16.1916 1876.02 
9.85081 8.92099 15.1213 17.1974 1751.72 
7.81766 9.76783 16.3851 17.0144 1842.82 
8.12946 8.05484 16.7201 19.114 1759.41 
6.14717 7.14693 27.0429 15.4539 1826.05 
6.4733 7.39624 17.9554 16.3433 1693.33 
6.49117 8.30823 21.8765 21.7896 1607.46 
8.91753 11.8359 16.9505 16.2433 1649.98 
7.32085 7.01997 12.626 15.4539 1689.75 
9.77577 10.5271 12.2046 21.4887 1721.53 
6.15536 7.31677 21.5935 15.8925 1864.65 
10.5025 9.70064 12.2765 15.4828 1767.18 
6.07851 9.57718 16.0266 18.7968 1651.75 
9.34836 7.1915 12.4741 16.9909 1385.13 
7.92208 8.40534 22.9804 15.8959 1165.31 


Volume: 
100 80 170 120 
97.7966 79.7732 151.551 106.094 
97.0852 79.1124 146.389 122.159 
94.4881 80.3223 158.298 133.354 
93.1008 81.469 154.253 141.746 
93.3488 81.0102 153.386 137.338 
95.2978 78.8629 159.281 145.281 
97.156 76.073 162.682 148.53 
99.0361 76.8608 156.499 143.242 
101.285 79.0151 155.936 139.255 
103.434 79.0941 159.724 142.75 
105.617 77.3263 161.303 142.588 
108.487 77.2714 165.279 138.595 
114.34 79.1245 157.975 139.526 
118.867 80.7283 160.917 139.903 
122.376 80.42 155.242 145.156 
122.458 75.5842 153.912 146.868 
123.137 74.5642 157.173 153.291 
120.361 71.0371 163.195 148.753 
120.206 71.7204 161.758 145.486 
116.704 71.0197 168.277 142.208 
118.625 70.4425 170.933 145.005 
118.277 71.251 177.278 140.29 
120.355 70.8457 170.077 140.421 

100 80 170 120 
96.6815 81.6707 163.859 107.614 
94.5871 83.3628 163.481 124.456 
95.7154 81.7603 156.715 120.573 
92.7234 83.7603 157.093 125.288 
93.3102 84.7603 149.891 133.875 
92.7179 80.1782 155.39 138.817 
95.8463 77.51 142.335 147.014 
94.7192 76.1359 146.602 149.763 
99.8476 79.1359 136.818 162.663 
105.976 75.2403 142.471 159.057 
104.604 76.151 149.416 165.211 
107.034 75.1875 146.421 163.559 
113.162 77.4471 152.464 159.198 
115.762 77.9318 149.815 153.517 
119.89 79.9318 147.44 160.57 
120.896 79.4623 153.831 164.165 
121.419 73.2659 145.532 165.172 
122.547 70.0785 141.791 153.672 
121.713 72.0785 147.437 154.271 
122.236 69.4222 148.088 154.591 
118.716 72.3132 155.397 145.145 
116.743 74.3132 158.466 148.365 
120.872 69.3711 171.341 139.579 


----------------------------------------------------------------
185.679 secs
----------------------------------------------------------------
Best Fitness: 908476
Worst Fitness: 940760
----------------------------------------------------------------
P_h: 
98.5 88.6 0 276.85 
93.1323 63.7181 24.5226 230.325 
77.0705 64.1355 26.415 245.891 
75.391 64.5351 49.1018 252.128 
73.1466 64.3458 27.7206 270.995 
71.9744 71.2706 26.0681 254.48 
81.8505 60.5285 27.8333 260.232 
63.7583 59.6902 23.1711 278.659 
68.1164 59.8798 46.0837 262.923 
67.7843 61.8921 45.333 274.533 
71.6874 61.1744 44.7282 275.062 
78.0525 60.2538 44.3979 269.93 
77.8078 60.9503 49.4902 271.172 
78.6572 61.2264 11.7826 274.978 
77.8056 60.3134 46.1162 274.924 
79.5617 61.4959 53.3177 295.961 
71.4393 59.5825 53.1019 279.685 
68.7434 57.4925 54.5866 281.493 
94.1075 57.8173 54.313 279.299 
93.4377 56.7443 54.8734 276.648 
67.8136 56.6999 56.377 255.742 
68.0203 57.1066 57.7586 271.307 
68.331 56.9583 57.9087 269.217 
68.6844 56.774 57.8196 267.102 
----------------------------------------------------------------
Best: 
15 15 30 25 906.05 
12.4143 8.33206 23.0112 18.0898 978.302 
8.53958 8.33206 22.4769 17.7836 946.488 
8.32983 8.32926 18.2804 17.7809 848.844 
8.07671 8.33206 22.7698 20.9724 853.792 
7.93951 10.0512 22.9102 17.7809 986.207 
10.0011 8.25871 22.4241 17.7809 1219.56 
6.6808 8.25871 22.9102 20.5425 1574.72 
7.17413 8.33206 18.2804 16.9076 1803 
6.95342 8.65474 18.2804 17.7809 1870.46 
7.33301 8.45716 18.2804 17.7809 1777.35 
8.22907 8.33206 18.2804 16.8582 1857.37 
8.07671 8.52058 16.8952 16.8263 1770.58 
8.07671 8.5107 24.3842 17.1893 1773.36 
7.86418 8.25871 17.7556 17.2283 1670.84 
8.07671 8.5344 15.0222 19.6712 1579.66 
6.91868 8.35431 15.6432 17.1507 1666.19 
6.56209 8.25871 15.232 17.7809 1677.68 
10.6576 8.51027 15.5624 17.7809 1754.46 
10.785 8.36139 15.3025 17.7809 1798.3 
6.56209 8.25871 15.232 15.0178 1803.37 
6.56209 8.23544 15.232 17.2283 1665.81 
6.56209 8.2388 15.232 17.2283 1397.59 
6.56209 8.23544 15.232 17.2283 1139.62 


Volume: 
100 80 170 120 
96.5857 79.6679 155.189 104.31 
96.0461 80.3359 151.712 118.127 
94.7163 81.0066 162.846 123.357 
92.6396 80.6746 159.948 124.861 
91.7001 77.6234 157.699 125.361 
89.699 75.3647 154.681 130.35 
92.0182 74.106 150.043 132.717 
94.8441 73.7739 152.814 138.234 
98.8906 74.1192 150.474 143.363 
103.558 74.662 148.626 143.863 
105.329 74.3299 147.631 145.285 
108.252 73.8094 150.724 146.739 
112.175 74.2987 146.026 147.83 
115.311 75.0399 147.679 147.497 
117.234 74.5056 151.254 152.21 
119.316 73.1512 153.986 152.815 
120.753 70.8925 157.089 150.056 
117.096 69.3823 157.98 147.918 
112.311 69.0209 158.594 145.369 
112.749 69.7622 164.278 145.914 
114.187 70.5267 170.341 143.988 
116.625 70.2879 171.033 141.992 
120.062 70.0525 170.621 139.996 

100 80 170 120 
98.2455 79.1624 152.961 106.033 
92.8399 79.3987 143.625 117.555 
88.8347 79.5676 143.869 124.726 
84.5018 78.7169 143.453 135.474 
81.1641 76.5233 148.198 143.685 
82.2576 73.5956 145.372 152.323 
84.3511 72.1249 149.056 154.159 
83.6829 72.5863 151.374 161.757 
87.0316 72.6411 149.363 157.442 
92.042 72.6633 149.61 154.677 
94.9641 71.7727 151.198 155.024 
99.0576 70.9169 155.957 157.472 
104.136 72.4147 160.847 155.731 
108.229 73.7081 165.02 153.719 
111.323 72.6563 169.111 148.299 
113.416 71.7348 166.478 144.477 
114.51 70.2109 166.687 137.884 
114.603 68.2855 168.885 140.101 
113.697 67.4508 170.888 139.643 
113.79 68.945 172.38 136.78 
114.884 69.3816 166.419 134.572 
116.977 69.8802 169.776 132.823 
120.071 70.3837 170.078 140.345 


----------------------------------------------------------------
187.004 secs
----------------------------------------------------------------
Best Fitness: 907429
Worst Fitness: 947537
----------------------------------------------------------------
P_h: 
98.5 88.6 0 276.85 
89.9667 60.2122 19.6455 226.367 
74.3497 60.1244 45.3682 239.032 
76.1332 75.2335 0 237.637 
74.5737 64.9193 8.46069 261.737 
67.166 75.5301 39.609 281.468 
83.1197 52.2118 24.1561 267.597 
58.0223 52.213 53.1783 282.432 
88.6897 59.7779 56.7506 269.001 
84.7374 62.2374 10.8117 273.76 
86.6895 58.6208 31.6342 270.748 
82.4084 57.4418 54.571 297.75 
59.2922 55.5229 46.1951 273.219 
78.2868 60.1897 58.006 278.983 
94.2089 62.8051 56.3068 295.771 
60.6522 55.2375 58.6468 281.333 
74.3237 77.0504 49.6035 275.12 
68.3801 71.5196 40.848 289.927 
66.0581 48.4837 57.1955 306.83 
66.6186 55.7512 59.2991 270.899 
61.2351 57.1104 56.3067 264.033 
61.4703 55.77 59.5991 263.911 
77.6988 53.6882 54.8788 262.347 
75.4501 49.6924 49.8154 278.407 
----------------------------------------------------------------
Best: 
15 15 30 25 906.05 
11.1817 7.66805 23.735 17.2277 993.809 
7.98378 7.50725 18.6714 16.3397 941.125 
8.35182 10.5389 27.2411 14.8779 900.996 
8.21815 8.5361 25.0358 18.1047 880.31 
7.06556 11.4473 19.703 20.0979 946.226 
10.0469 6.99803 22.6558 16.5194 1222.92 
5.79086 6.99803 15.0935 18.4172 1554.15 
11.2783 8.28421 13.6996 15.6931 1765.78 
10.153 8.69222 24.6952 16.4315 1888.45 
10.4692 7.92371 21.2125 16.3818 1782.31 
9.47828 7.69168 14.3912 19.4915 1817.83 
5.74132 7.30652 18.6842 15.442 1795.77 
8.23858 7.96628 13.059 16.3317 1724.53 
11.5488 8.34693 15.5401 18.5633 1620.91 
5.74132 6.99803 14.0078 17.1044 1614.13 
7.4681 12.1533 18.8878 16.4142 1653.9 
6.63712 11.8078 20.7398 19.2863 1669.33 
6.33245 7.07586 15.197 25 1761.43 
6.40935 8.35241 14.2048 16.8213 1827.43 
5.74132 8.54084 16.8736 16.0463 1801.31 
5.74132 8.19241 14.8135 16.299 1679.25 
7.79717 7.80553 17.3382 15.9866 1401.39 
7.43695 7.04013 18.7054 18.8791 1136.64 


Volume: 
100 80 170 120 
97.8183 80.3319 154.465 105.172 
97.8345 81.8247 154.794 120.433 
96.4827 80.2858 155.734 129.29 
94.2645 79.7497 149.35 129.856 
94.1989 75.3024 149.506 137 
92.1521 74.3044 148.608 145.516 
95.3612 74.3064 151.116 146.802 
94.0829 74.0221 159.91 153.765 
94.93 74.3299 149.004 152.427 
96.4607 75.4062 147.068 149.744 
96.9824 75.7145 153.114 154.948 
102.241 76.408 157.591 160.719 
106.003 77.4417 164.934 158.778 
105.454 78.0948 165.827 158.899 
109.712 79.0968 169.364 154.854 
111.244 73.9435 171.992 153.979 
112.607 68.1357 167.34 148.701 
113.275 68.0599 167.609 142.589 
112.865 67.7075 173.195 146.507 
114.124 68.1666 176.461 145.658 
116.383 68.9742 177.133 143.564 
117.586 69.1687 174.889 144.451 
120.149 70.1286 170.465 140.385 

100 80 170 120 
102.075 76.9341 158.41 107.111 
103.15 77.9509 149.421 119.959 
102.545 78.8451 156.006 124.46 
99.5522 80.0666 158.079 135.419 
99.2005 78.7312 155.195 135.585 
100.276 76.2678 158.138 137.289 
101.825 76.374 158.139 144.472 
102.045 74.6047 158.502 146.086 
103.756 75.4668 157.218 143.438 
108.831 76.2172 158.616 139.087 
108.998 75.6989 159.759 140.409 
110.447 74.2662 164.567 140.142 
115.257 75.2 167.532 138.244 
116.012 76.0324 166.924 134.115 
119.087 75.9751 168.296 132.604 
118.467 74.8814 171.233 138.869 
119.542 71.4188 170.913 137.61 
115.726 70.2068 172.959 137.017 
114.801 69.5807 167.616 135.528 
114.876 69.643 168.897 136.869 
115.552 71.6956 170.311 141.436 
117.627 71.4205 166.939 142.291 
120.077 70.5781 170.011 140.609 


----------------------------------------------------------------
191.578 secs
----------------------------------------------------------------
Best Fitness: 909407
Worst Fitness: 939112
----------------------------------------------------------------
P_h: 
98.5 88.6 0 276.85 
82.2879 68.7796 36.3451 228.716 
80.9138 75.0643 6.60318 241.524 
78.1679 61.8517 9.19456 264.54 
81.6295 60.497 0 266.498 
80.5709 71.2245 11.4365 262.687 
86.3807 65.3632 0 283.506 
79.5346 62.0634 21.7421 285.749 
74.4007 52.7401 30.0944 280.397 
75.7264 55.0032 35.0733 291.894 
68.6253 62.8328 47.9703 303.978 
78.1308 54.5832 28.707 293.802 
76.5019 50.8983 39.315 292.321 
75.2409 58.7357 49.3668 307.098 
65.8779 54.5051 43.1421 307.737 
83.6991 51.7478 53.2428 305.604 
72.9257 51.6634 55.3546 275.918 
78.5039 49.2225 53.253 282.871 
61.0881 47.4148 55.2959 277.139 
69.4865 54.1896 57.1233 279.404 
64.2604 47.6793 57.5474 275.642 
65.2687 49.0283 58.0454 262.553 
61.5121 49.6224 58.6123 256.021 
61.8459 50.2029 58.7086 251.034 
----------------------------------------------------------------
Best: 
15 15 30 25 906.05 
9.26205 9.40293 20.9986 17.7258 973.872 
9.07097 11.1125 25.3663 16.8722 955.894 
8.6753 8.27988 25.087 21.1333 876.246 
9.60456 8.05025 27.0248 20.0875 881.376 
9.60962 10.6931 24.4211 17.9212 984.081 
11.6077 10.0152 27.3433 20.1326 1214.75 
9.81977 9.74045 22.2523 19.5391 1550.91 
8.63815 7.93783 20.9164 17.1297 1802.37 
8.70831 8.2409 19.952 18.1589 1862.3 
7.25358 9.92464 16.516 19.8573 1746.59 
8.72961 8.33038 21.2692 18.0173 1854.78 
8.28907 7.63847 19.0115 18.0123 1770.96 
7.89124 9.07802 16.3487 20.1081 1709.56 
6.43122 8.17009 18.5885 20.4845 1658.74 
9.04456 7.64826 14.786 21.0074 1575.71 
7.30357 7.72154 13.5629 16.192 1674.14 
8.12533 7.49209 16.0129 17.4101 1676.15 
5.76785 7.22058 14.8856 17.1117 1799.06 
6.82993 8.4514 13.581 17.6514 1819.8 
6.14827 7.0945 13.486 17.5002 1794.87 
6.24071 7.09559 13.5794 16.0986 1685.1 
5.74816 7.08968 12.3667 15.5453 1424.23 
5.74816 7.08184 12.1392 15.1331 1168.21 


Volume: 
100 80 170 120 
99.7379 78.5971 157.201 104.674 
98.667 76.4846 150.835 119.402 
96.9917 77.2047 152.01 119.267 
93.3871 77.1545 146.459 124.546 
90.7775 73.4613 145.826 131.712 
87.1698 69.4462 139.367 138.604 
86.35 66.7057 136.775 143.486 
87.7119 66.7679 139.159 153.7 
90.0036 67.527 140.042 157.793 
94.75 66.6023 142.905 158.852 
96.0204 66.272 140.282 160.787 
98.7313 66.6335 140.765 159.291 
102.84 66.5555 146.07 160.452 
107.409 67.3854 147.101 158.979 
108.364 67.7371 149.845 154.32 
110.061 67.0156 153.791 156.716 
109.935 65.5235 156.993 154.092 
111.168 65.3029 158.059 150.544 
110.338 64.8515 161.325 148.905 
111.189 66.757 163.099 146.291 
112.949 68.6614 165.57 143.773 
116.2 69.5717 168.803 141.714 
120.452 70.4899 169.999 140.16 

100 80 170 120 
96.6237 73.8289 150.966 105.959 
95.4861 75.541 141.734 114.601 
91.0669 72.9171 133.052 124.236 
85.6925 70.457 134.481 137.604 
86.4579 65.3105 128.13 151.798 
88.2234 63.5639 125.913 158.762 
90.9888 62.5397 124.506 168.16 
89.8509 63.2519 117.439 178.117 
85.8837 64.6869 106.149 177.696 
91.2846 66.3991 105.189 184.618 
92.4104 67.1112 117.469 185.889 
96.9028 67.8234 123.658 186.975 
102.668 67.273 130.844 179.927 
104.487 67.2642 135.664 177.039 
108.179 67.9764 139.211 174.15 
110.945 67.0305 147.967 171.261 
112.71 65.7427 152.871 167.356 
113.475 65.4549 155.418 163.657 
113.241 64.9318 158.623 151.07 
113.187 66.5529 160.474 147.36 
114.953 68.2651 164.021 144.471 
116.87 68.9772 168.622 142.933 
120.636 69.6894 170.26 140.045 


----------------------------------------------------------------
196.898 secs
----------------------------------------------------------------
Best Fitness: 908907
Worst Fitness: 943252
----------------------------------------------------------------
P_h: 
98.5 88.6 0 276.85 
87.1837 63.4702 9.46302 223.121 
88.8478 76.2354 0 256.751 
69.8033 69.9147 6.7736 251.651 
68.0032 64.3709 0 272.699 
89.9627 61.6898 5.02138 274.868 
73.2469 59.6099 28.0233 280.496 
67.5277 56.3225 47.6619 276.803 
80.6872 62.799 9.67225 312.935 
76.3738 59.6502 36.2738 306.365 
72.8486 52.6225 52.3031 301.898 
74.2453 52.995 33.9073 301.435 
70.3645 72.29 21.0147 274.278 
71.0706 53.8862 52.8152 273.989 
76.6083 52.0412 54.2181 285.484 
70.556 51.8308 56.257 278.173 
70.8761 50.688 46.3257 303.629 
71.0278 52.8 54.931 313.887 
71.7775 50.6541 55.8143 264.831 
70.8952 51.9506 56.646 284.618 
70.9063 50.1501 57.6784 260.866 
71.9948 52.1403 58.3327 261.375 
71.3028 52.4908 58.8073 261.205 
71.6268 52.8344 58.992 254.393 
----------------------------------------------------------------
Best: 
15 15 30 25 906.05 
10.3844 8.28331 25.1108 16.5914 1006.76 
11.1462 11.2342 26.1044 19.8971 938.165 
7.41507 9.91258 25.1943 17.363 891.858 
7.20479 8.92641 29.4964 19.6009 884.927 
13.0265 8.63071 24.8814 18.6843 978.458 
8.45277 8.57335 21.2086 17.6277 1208.62 
7.39148 8.12262 16.8896 16.0453 1551.68 
9.78666 9.57591 24.2326 21.5389 1773.91 
8.71958 8.93376 19.3487 21.1402 1841.34 
7.85911 7.49258 13.3463 19.4642 1750.33 
7.97715 7.49695 20.3514 19.3982 1847.42 
7.22225 12.4866 22.5999 16.0248 1792.05 
7.15537 8.07715 13.7889 15.4687 1748.24 
7.85483 7.58684 13.398 16.1414 1661.65 
6.92299 7.49258 13.401 15.4687 1613.18 
6.92299 7.34433 18.5613 19.6292 1658.48 
6.92299 7.9318 15.1523 25 1647.35 
7.02188 7.64345 14.5913 15.4687 1796.92 
6.92299 7.84606 13.9685 18.5675 1815.89 
6.92299 7.34433 13.4306 15.4911 1800.4 
7.04868 7.49863 13.4359 15.7675 1676.16 
6.92299 7.4991 13.4197 16.0789 1406.19 
6.92299 7.49873 13.4339 15.4911 1152.15 


Volume: 
100 80 170 120 
98.6156 79.7167 153.089 105.809 
95.4694 77.4825 145.985 117.512 
95.0543 76.5699 148.175 125.259 
93.8495 75.6435 141.108 131.763 
87.823 74.0128 138.876 138.273 
87.3703 71.4395 137.785 150.142 
88.9788 70.3168 144.848 158.978 
89.1921 68.7409 138.699 158.647 
91.4725 68.8072 136.315 154.397 
95.6134 70.3146 141.878 159.165 
97.6363 70.8176 141.822 159.116 
101.414 66.331 140.015 156.437 
106.259 67.2539 144.696 161.32 
109.404 68.667 149.017 167.779 
112.481 69.1745 157.258 166.099 
114.558 68.8301 156.629 159.868 
115.635 66.8983 157.986 148.268 
115.613 66.2549 158.81 151.361 
114.69 66.4088 160.109 147.946 
114.767 68.0645 163.632 147.046 
115.718 69.5659 166.763 145.247 
117.795 70.0668 169.112 142.599 
120.872 70.568 170.071 140.544 

100 80 170 120 
101.653 79.7225 155.816 104.61 
99.4991 80.9234 148.439 120.033 
99.8292 82.0611 154.592 121.659 
96.5469 78.0366 149.291 130.706 
93.0359 76.2483 153.585 130.594 
91.8714 73.9028 157.496 138.85 
91.82 71.0326 155.976 135.751 
93.4661 69.3554 158.426 133.902 
96.9701 69.6088 152.253 143.072 
100.798 67.957 149.879 139.326 
103.145 66.3138 153.719 146.472 
104.586 66.741 157.651 150.98 
108.795 68.4246 164.101 147.491 
112.218 70.0009 165.671 147.126 
114.3 70.1245 165.693 145.396 
114.612 70.0347 161.386 148.466 
114.525 68.3132 159.872 149.707 
113.584 66.8986 163.92 150.115 
113.196 66.8031 165.517 148.781 
113.303 67.7004 169.182 146.155 
114.164 68.9609 171.447 142.707 
116.776 69.6755 170.779 141.001 
120.141 70.1398 170.005 140.121 


----------------------------------------------------------------
198.21 secs
----------------------------------------------------------------
Best Fitness: 910564
Worst Fitness: 940184
----------------------------------------------------------------
P_h: 
98.5 88.6 0 276.85 
68.5814 52.9108 49.4842 234.301 
90.1216 67.7435 17.4473 232.187 
66.9824 62.1673 49.3002 233.428 
81.6067 62.2999 58.4847 242.285 
56.581 57.8004 57.9213 255.031 
63.5832 73.0981 8.99985 251.449 
73.9169 70.3486 0 254.863 
91.7185 68.625 55.7605 284.945 
70.4217 68.2631 56.4764 264.917 
77.087 56.9693 44.4458 265.081 
67.6284 55.9854 28.921 269.359 
72.1109 55.6607 23.0186 273.994 
87.3143 57.4543 56.2439 255.054 
71.2903 70.4348 57.7828 262.343 
70.9898 52.8113 54.1544 265.785 
82.6423 73.5816 33.9035 255.446 
61.4166 53.1096 33.8947 274.504 
80.2055 45.9376 23.0528 284.034 
82.2943 60.3674 50.2713 268.116 
80.9469 61.3978 55.2173 286.02 
91.9086 47.5601 56.9474 298.376 
95.0045 58.7057 55.5728 286.58 
75.8533 60.5983 58.6608 275.678 
----------------------------------------------------------------
Best: 
15 15 30 25 906.05 
6.94795 6.42789 17.9198 19.0947 984.723 
11.0958 8.82241 24.1052 15.5811 952.5 
6.83282 7.72252 18.0548 15.3649 878.122 
9.41247 7.71686 13.7003 15.2595 845.324 
5.55562 7.00696 15.4071 16.7448 982.666 
6.38724 10.2408 25.8693 16.7104 1252.87 
7.81286 10.0941 27.8769 17.57 1600.87 
11.642 10.0233 13.2406 23.0255 1738.95 
7.20444 10.1163 14.1341 16.8135 1859.92 
8.04699 7.79775 19.5944 17.4737 1786.42 
6.60773 7.5883 22.5495 19.028 1888.11 
7.11189 7.47911 23.445 19.9533 1805.22 
9.37043 7.62722 14.7134 15.9094 1743.93 
6.88955 10.2467 13.8764 15.854 1668.15 
6.81779 6.90373 16.8296 16.5237 1626.26 
8.40362 11.6644 21.7758 15.4211 1684.43 
5.67706 7.62119 21.6129 18.1877 1717.08 
8.02799 6.42789 23.0756 19.2814 1806.77 
8.37002 8.97646 16.9471 16.1757 1818.95 
8.19087 9.20866 14.6677 17.8668 1756.42 
10.0944 6.54365 13.3477 20.431 1625.21 
10.8266 8.42324 15.5448 19.2325 1354.14 
7.49139 8.89266 12.0389 18.3548 1119.21 


Volume: 
100 80 170 120 
102.052 81.5721 160.28 103.305 
98.9563 81.7497 155.175 119.324 
99.1235 83.0272 161.068 121.879 
95.711 83.3103 167.892 130.725 
97.1554 83.3034 172.14 132.035 
98.7681 79.0626 166.405 129.025 
99.9553 75.9684 153.801 126.862 
98.3133 73.9451 154.955 129.705 
102.109 72.8288 159.874 140.769 
106.062 74.0311 163.016 136.536 
109.454 74.4428 159.694 131.642 
113.342 74.9637 158.412 131.283 
115.972 76.3364 161.104 137.923 
120.082 75.0898 164.928 145.514 
123.264 76.1861 166.948 143.704 
123.861 71.5216 161.689 142.159 
126.184 69.9004 159.141 140.801 
125.156 70.4725 152.372 143.295 
122.786 69.4961 153.767 148.733 
121.595 69.2874 156.748 153.941 
119.501 71.7438 160.198 150.458 
117.674 71.3205 162.821 145.893 
120.183 70.4279 170.085 140.886 

100 80 170 120 
102.659 78.7658 154.255 105.569 
101.413 80.1897 154.007 117.591 
100.403 79.3121 157.706 122.259 
100.062 80.4097 154.633 124.037 
96.6412 80.2259 152.695 123.458 
95.8446 75.2261 153.47 128.659 
93.7234 73.8367 150.807 128.565 
97.0894 71.6728 147.923 130.773 
100.757 73.451 151.156 135.175 
104.11 72.3574 146.256 137.84 
107.769 68.6278 148.21 140.489 
110.663 69.6015 154.339 146.498 
114.401 70.2269 152.672 144.06 
116.544 71.5501 151.688 138.245 
119.363 72.6571 156.182 143.556 
120.925 71.8079 157.873 150.343 
121.619 68.2466 160.838 142.4 
119.314 67.9586 156.37 142.591 
116.31 67.3832 155.855 139.415 
113.947 68.7017 160.878 141.672 
114.323 70.8232 162.773 142.955 
116.395 70.2945 167.309 142.95 
120.054 70.0963 170.484 140.456 


----------------------------------------------------------------
185.772 secs
----------------------------------------------------------------
Best Fitness: 910432
Worst Fitness: 942266
----------------------------------------------------------------
P_h: 
98.5 88.6 0 276.85 
91.2399 75.5509 18.1857 239.651 
71.2582 72.1 0 233.546 
77.7865 72.1425 0 260.188 
90.3443 71.9485 0 264.979 
59.8048 54.526 0 269.188 
71.6001 60.442 25.7225 276.883 
75.2812 65.0651 14.0792 304.182 
78.4766 45.8056 43.4436 292.058 
84.0235 51.4113 42.7394 289.713 
81.8169 44.6291 35.6585 297.531 
71.9977 49.7037 44.0599 295.682 
79.8473 55.0479 50.54 315.481 
63.4166 51.6748 46.0957 302.999 
86.5501 52.0643 52.2635 295.902 
81.9827 48.7695 52.7523 281.934 
66.5348 45.2298 52.2649 285.455 
69.7834 44.7666 56.7706 283.497 
66.1329 44.2356 57.8693 280.166 
64.8248 45.3713 58.2338 263.352 
65.7331 46.9089 58.6002 268.38 
66.9185 48.3555 58.826 260.515 
65.9586 49.0203 58.9323 260.018 
66.9007 49.7427 58.9842 256.972 
----------------------------------------------------------------
Best: 
15 15 30 25 906.05 
11.6161 11.1758 23.9426 20.8717 965.373 
7.50081 10.6074 26.1475 16.1325 983.096 
8.65476 10.9506 26.35 19.6277 879.883 
12.744 11.596 26.4777 18.8931 862.728 
6.219 8.01277 27.6825 18.0307 1026.48 
7.96416 9.67283 22.129 17.7833 1215.35 
8.57351 11.7851 23.7302 21.2176 1541.39 
9.10835 7.52771 17.7793 18.4879 1780.22 
10.2362 8.44931 18.1133 17.2951 1852.11 
9.52177 7.01917 20.0662 18.4568 1770.36 
7.64468 7.84748 18.0818 18.2051 1848.56 
8.83097 8.97592 16.3908 21.8647 1729.08 
6.17405 8.22466 17.9911 19.8827 1735.81 
9.67071 8.18372 16.0301 19.193 1643.22 
8.77339 7.55183 15.9514 17.0518 1604.56 
6.44863 6.96879 16.6218 17.7566 1680.52 
6.84303 7.0135 14.5097 17.7315 1685.18 
6.36249 6.91937 13.1629 17.3747 1791.6 
6.20438 6.98138 13.0609 15.3601 1848.22 
6.30391 6.9963 13.3904 16.352 1800.38 
6.42397 7.00248 13.6559 15.6981 1685.38 
6.26576 6.99784 13.691 15.9562 1416.07 
6.33914 7.00423 13.4632 15.8559 1157.4 


Volume: 
100 80 170 120 
97.3839 76.8242 154.257 101.528 
97.883 75.2168 147.11 116.996 
96.2283 73.2661 149.376 121.311 
89.4843 69.6701 144.575 128.565 
90.2653 68.6574 140.155 136.884 
90.3011 64.9845 144.72 145.579 
90.7276 60.1994 140.805 152.044 
91.6193 60.6717 140.003 155.685 
92.383 61.2224 141.136 162.12 
94.8612 63.2033 142.963 161.442 
97.2166 63.3558 144.645 161.35 
99.3856 62.3798 150.225 159.552 
105.212 63.1552 149.898 157.751 
106.541 63.9715 153.547 154.949 
107.767 64.4196 154.745 155.888 
110.319 64.4508 158.019 154.162 
111.476 63.4373 162.466 152.382 
112.113 63.518 164.304 151.629 
111.909 64.5366 166.055 150.778 
112.605 66.5403 168.04 147.589 
114.181 68.5378 169.508 144.952 
116.915 69.54 170.102 142.386 
120.576 70.5358 170.059 140.186 

100 80 170 120 
97.1675 79.2435 152.248 99.8259 
94.8285 77.9381 143.399 112.233 
91.1856 77.6286 144.241 114.734 
88.5451 73.6581 138.932 124.937 
86.7679 70.0176 139.685 134.875 
86.7831 67.4658 133.979 145.139 
85.2105 64.796 132.077 151.07 
88.4692 65.4936 133.117 158.622 
92.3775 64.3623 131.017 165.448 
95.3639 65.8758 131.224 164.923 
97.2408 65.771 130.449 169.463 
99.7545 64.4577 137.594 163.646 
103.672 66.2589 141.58 164.311 
107.74 66.8319 142.08 163.226 
108.929 67.4518 147.996 161.851 
110.516 66.0945 150.025 162.933 
111.923 64.6105 156.346 157.329 
112.55 64.531 158.116 154.459 
112.085 64.6897 160.612 150.18 
112.492 66.6253 163.156 147.602 
114.197 68.5621 166.206 145.204 
116.908 69.4195 169.161 142.877 
120.642 70.3541 170.042 140.043 


----------------------------------------------------------------
188.248 secs
----------------------------------------------------------------
Best Fitness: 909263
Worst Fitness: 940005
----------------------------------------------------------------
P_h: 
98.5 88.6 0 276.85 
71.2673 68.5954 19.9154 235.498 
86.2244 68.7433 15.1524 250.053 
75.0715 67.4766 30.7695 240.591 
78.9761 68.6142 9.54891 256.616 
73.4877 73.5394 33.6097 275.375 
74.8144 53.0716 0 272.024 
84.1084 58.0103 28.832 278.412 
75.9213 58.758 16.4404 295.583 
72.8741 58.2222 17.6516 284.075 
75.4727 53.7975 33.4744 286.817 
87.6174 58.2859 47.4041 296.236 
72.2915 56.1131 47.8562 294.227 
79.9234 56.576 27.4539 293.027 
70.9488 50.7302 38.1633 294.541 
82.4527 57.8235 53.1631 305.493 
91.2622 55.7476 54.3485 299.877 
74.4933 57.5595 53.4149 276.978 
75.7649 47.0077 55.4264 267.493 
67.7541 46.1669 57.0286 267.242 
69.1887 50.5138 56.452 278.879 
70.2958 50.4356 58.2583 263.709 
67.1467 49.1012 58.6629 258.561 
66.7025 52.1626 59.0132 254.414 
----------------------------------------------------------------
Best: 
15 15 30 25 906.05 
7.34325 9.36104 23.6962 19.4368 994.724 
10.0832 9.44871 24.1029 19.0822 939.827 
8.06581 9.22829 21.7244 16.1416 876.091 
8.91227 9.68074 24.9007 17.3275 876.245 
8.01938 11.6248 21.0407 20.216 953.988 
8.25551 7.59631 26.5109 18.2914 1250.09 
10.1795 8.67998 21.442 18.9463 1550.64 
8.42092 8.95639 23.3527 20.9333 1793.3 
7.74369 8.82863 22.8891 18.3679 1887.18 
7.96314 7.87911 19.8373 17.9623 1780.44 
10.2156 8.79537 15.962 18.7324 1820.46 
7.35408 8.44992 16.4035 18.204 1759.51 
8.38004 8.4635 21.5739 18.3719 1743.02 
6.96179 7.24616 19.3256 18.9936 1675.62 
8.59794 8.53148 13.8344 20.6982 1571.07 
10.2512 8.32606 13.5951 19.7905 1628.76 
7.42735 9.10678 15.2012 16.8691 1677.55 
7.62195 7.24328 14.6828 15.9611 1794.31 
6.55647 6.98955 13.5484 16.0298 1841.81 
6.73522 7.5249 15.1941 18.0642 1784.97 
6.8567 7.31532 13.5842 16.3692 1677.3 
6.41473 6.98953 12.4645 15.7932 1416.53 
6.31764 7.41663 13.1925 15.5246 1157.71 


Volume: 
100 80 170 120 
101.657 78.639 154.504 102.963 
99.5736 78.1903 149.401 115.481 
98.5077 77.962 152.02 123.036 
95.5955 76.2812 149.563 129.811 
94.5761 71.6564 150.037 131.319 
94.3206 70.0601 144.667 137.929 
93.1411 68.3802 142.925 140.023 
94.7202 67.4238 140.453 145.601 
97.9765 67.5951 136.339 148.675 
102.013 68.716 134.603 154.065 
101.798 67.9206 137.341 158.222 
105.444 67.4707 141.729 159.855 
109.064 68.0072 141.25 157.445 
113.102 69.7611 141.074 154.855 
114.504 69.2296 146.069 155.731 
113.253 67.9035 149.899 155.266 
113.825 64.7968 152.542 152.231 
113.203 64.5535 157.642 149.865 
112.647 65.5639 160.847 149.037 
112.912 67.039 164.382 145.655 
114.055 68.7237 166.597 142.835 
116.64 69.7342 168.858 142.235 
120.323 70.3175 170.047 140.295 

100 80 170 120 
97.4072 78.9425 154.367 104.292 
96.741 80.2974 147.003 116.128 
93.2023 79.5345 149.548 123.778 
86.997 77.8341 144.378 131.999 
86.5413 75.6355 140.879 135.96 
86.8444 71.5281 140.284 143.659 
87.2204 67.1062 137.499 151.047 
89.3571 65.4884 132.903 156.39 
91.459 65.6451 127.959 158.35 
94.0881 65.5309 129.564 162.944 
95.9807 64.6169 134.435 168.452 
100.764 65.5133 141.635 168.94 
105.555 67.3859 143.457 164.664 
109.405 67.1551 142.803 161.244 
109.621 67.5867 142.782 163.768 
111.113 67.339 143.065 161.905 
110.698 65.8264 152.549 162.55 
111.744 65.9482 153.453 160.257 
111.284 65.609 156.444 154.918 
112.07 66.4823 160.382 149.936 
114.114 68.7684 164.194 148.87 
116.978 69.517 167.539 144.931 
120.889 70.7108 170.096 140.866 


----------------------------------------------------------------
195.407 secs
----------------------------------------------------------------
Best Fitness: 907780
Worst Fitness: 935388
----------------------------------------------------------------
P_h: 
98.5 88.6 0 276.85 
88.0629 72.7444 0 229.449 
91.847 57.5176 32.8245 257.12 
77.6094 62.0769 34.2219 260.046 
75.8129 73.9813 15.1188 265.73 
71.3869 67.8362 13.699 266.046 
69.573 60.4297 12.6177 259.179 
80.7117 55.3487 20.1592 277.679 
75.359 60.5891 17.6058 279.912 
69.3143 58.9545 38.6518 289.253 
75.6342 62.3884 42.4669 291.932 
72.4469 56.6352 34.1805 306.594 
72.31 62.1337 36.3918 294.651 
76.3299 58.9642 51.7023 301.444 
77.1356 61.2606 41.4865 295.61 
75.6844 55.0435 52.9601 284.059 
75.1219 54.3345 48.6982 295.175 
73.5138 51.9771 54.6078 291.401 
68.3362 50.4144 56.2368 278.641 
70.9466 49.9554 56.9844 284.912 
69.6105 51.617 57.6158 271.032 
67.3061 54.586 58.3886 267.627 
67.2278 54.6689 58.8318 262.137 
68.3913 53.555 59.0417 256.565 
----------------------------------------------------------------
Best: 
15 15 30 25 906.05 
10.6191 10.376 28.4445 17.8893 999.743 
12.3889 7.33668 21.0278 20.5079 920.691 
8.90536 7.98094 21.211 18.6995 856.046 
8.77765 10.6559 24.4581 19.356 859.357 
8.06329 9.70843 24.4214 18.9276 991.032 
7.74481 8.61038 24.3072 16.5458 1248.2 
9.96491 7.81008 23.0312 18.2458 1566.1 
8.73165 8.85914 23.1253 17.5443 1806.53 
7.48064 8.4869 19.1245 18.1763 1863.83 
8.29338 9.15947 18.0417 17.8215 1757.58 
7.65904 8.10478 19.9792 20.2437 1840.14 
7.48712 9.31086 19.5834 18.4099 1764.51 
7.93426 8.64755 14.7519 19.3445 1711.56 
7.94755 9.10094 18.7607 18.2747 1654.51 
7.66021 7.95006 14.7434 17.0007 1602.25 
7.54058 7.9421 17.1269 18.4917 1656.67 
7.29919 7.75139 14.6336 18.4858 1668.5 
6.60729 7.55455 13.4612 16.675 1786.37 
6.96513 7.40769 13.2469 17.9628 1817.2 
6.78528 7.50781 13.359 16.4947 1790.12 
6.46407 7.87595 12.9192 16.4714 1672.09 
6.41626 7.87523 12.8472 16.1269 1407.13 
6.51886 7.64439 12.8451 15.7944 1152.45 


Volume: 
100 80 170 120 
98.3809 77.624 149.755 104.511 
93.992 79.2873 147.728 115.603 
92.0867 80.3064 154.136 125.348 
89.309 77.6505 155.443 127.02 
88.2457 74.942 151.263 129.303 
88.5009 72.3316 146.715 137.215 
87.536 71.5216 144.403 143.391 
88.8044 70.6624 139.73 150.154 
92.3237 71.1755 140.181 155.009 
96.0304 71.0161 139.681 160.312 
98.3713 70.9113 138.042 159.193 
101.884 69.6004 139.239 158.825 
105.95 69.9529 144.305 159.46 
109.002 69.8519 144.136 160.769 
111.342 69.9019 148.638 158.52 
112.802 68.9598 150.106 158.789 
113.502 67.2084 154.234 155.046 
113.895 66.6538 157.263 155.498 
112.93 67.2462 160.258 152.169 
113.145 68.7383 163.257 149.136 
114.681 69.8624 166.858 145.911 
117.264 69.9872 169.204 143.143 
120.746 70.3428 170.331 140.268 

100 80 170 120 
98.9483 78.8229 152.839 103.733 
99.2266 80.0204 145.31 114.959 
96.0624 79.1347 144.181 122.41 
93.5872 79.9584 139.848 128.844 
90.7909 77.966 148.971 139.902 
89.5603 73.1781 150.292 147.059 
91.1578 71.224 152.915 138.391 
92.5842 71.0207 144.543 140.902 
96.1153 71.0155 145.745 139.526 
99.6101 71.339 144.261 150.868 
100.112 69.5386 139.799 149.696 
103.688 69.8346 141.752 150.46 
104.363 66.8311 147.091 155.671 
105.866 68.9802 150.147 157.02 
108.156 67.4624 154.926 155.258 
110.628 64.5461 161.563 154.09 
110.518 62.8544 157.042 152.529 
111.547 63.0249 160.99 151.18 
110.646 64.1758 164.731 150.319 
111.241 66.3333 166.616 147.816 
113.272 68.4861 169.144 145.408 
116.314 69.6395 170.322 142.254 
120.311 70.7962 170.037 140.009 


----------------------------------------------------------------
191.587 secs
----------------------------------------------------------------
Best Fitness: 908166
Worst Fitness: 941231
----------------------------------------------------------------
P_h: 
98.5 88.6 0 276.85 
73.2028 57.0786 22.9755 230.643 
82.6282 63.7983 32.4525 251.392 
85.0035 61.6153 48.7005 244.353 
81.6492 67.4964 9.44529 251.208 
68.9439 65.9472 51.1468 258.553 
70.1045 63.8866 22.1281 252.674 
76.2529 73.934 10.2679 263.408 
74.9295 63.7294 44.9193 291.48 
82.209 55.0476 47.781 268.715 
80.1028 54.7952 45.8371 279.676 
82.371 72.4918 43.9256 292.627 
75.0783 56.7883 46.8659 273.734 
82.1071 61.0641 51.9505 266.69 
75.1834 58.1196 58.0885 279.154 
69.6041 60.5917 38.0764 277.562 
84.6479 62.9698 55.8668 263.671 
75.6296 59.4293 48.4479 288.604 
74.753 56.1759 58.5514 275.614 
74.2604 54.5798 58.9212 278.881 
63.2282 57.2144 52.571 271.175 
73.4104 55.62 60.1166 263.515 
70.0401 59.1191 49.687 276.146 
69.7653 47.1592 51.9589 256.608 
----------------------------------------------------------------
Best: 
15 15 30 25 906.05 
7.64197 7.11521 23.2461 18.1642 1006.1 
9.30708 8.12186 21.4418 19.0178 929.729 
10.0247 7.62169 18.063 16.597 850.327 
9.60589 8.6996 25.1296 16.8256 880.201 
7.38654 8.59769 17.1299 17.8934 965.409 
7.54033 8.51252 23.3969 15.6324 1241.21 
8.52669 11.2582 24.7452 17.0323 1576.14 
8.18955 9.16161 18.1208 21.5027 1764.94 
9.40988 7.43075 17.2632 16.3218 1866.25 
8.8085 7.20418 18.1473 17.7428 1769.59 
9.1742 11.044 18.8564 20.3976 1818.58 
7.79551 7.8391 18.1962 17.2294 1777.53 
8.79339 8.53526 16.6534 15.9365 1738.19 
7.59182 7.8871 13.4236 17.4635 1659.45 
6.75967 8.35856 21.0483 17.3397 1624.17 
8.96086 9.06236 15.7708 15.8527 1662.84 
7.56136 8.75606 18.5472 19.0413 1667.89 
7.4487 8.33066 13.7024 17.3527 1774.91 
7.41296 8.05296 14.2894 17.6872 1813.36 
5.9763 8.4556 17.9291 17.1012 1795.81 
7.25616 8.04997 13.4079 16.3654 1667.34 
6.77183 8.78932 18.8878 18.1689 1395.01 
6.69323 6.60811 17.9831 15.8329 1164.51 


Volume: 
100 80 170 120 
101.358 80.8848 154.954 104.236 
100.051 81.7629 152.512 116.818 
97.0262 83.1412 159.091 123.467 
93.4204 82.4416 153.384 128.083 
93.0338 80.844 158.4 128.253 
93.4935 78.3314 155.231 137.75 
93.9668 74.0732 148.572 137.848 
95.7773 72.9116 147.589 139.742 
97.3674 74.4808 148.365 148.165 
100.559 76.2767 150.666 148.543 
101.385 73.2327 152.381 145.409 
104.589 73.3936 154.424 146.327 
107.796 73.8583 157.149 149.247 
111.204 74.9712 165.565 149.979 
114.444 74.6127 163.149 149.293 
114.483 72.5503 165.505 146.864 
114.922 69.7943 163.605 148.871 
114.473 68.4636 168.222 147.289 
113.06 68.4106 171.556 148.149 
114.084 68.955 171.832 144.75 
114.828 69.9051 176.168 142.674 
117.056 69.1157 172.309 142.434 
120.363 70.5076 170.038 140.009 

100 80 170 120 
102.25 79.7197 154.078 103.383 
102.036 79.2911 149.1 117.716 
99.7037 79.5942 154.999 120.751 
96.4219 77.5573 151.377 127.773 
94.3033 74.6884 152.862 126.031 
94.0055 70.8234 151.887 132.257 
92.5921 68.9842 151.02 135.093 
92.6545 69.7427 148.525 140.848 
94.3145 69.2722 146.731 145.425 
96.6783 70.026 144.736 147.047 
97.9515 70.721 143.623 151.846 
100.459 69.7149 144.599 153.567 
105.154 68.7031 148.352 154.405 
109.685 70.7085 149.006 158.923 
111.201 70.338 150.869 155.886 
108.615 69.761 154.45 154.888 
110.308 68.1075 155.843 153.891 
111.476 65.8479 163.833 148.7 
109.629 66.3083 166.116 148.772 
110.665 68.4289 166.314 146.614 
112.625 70.4127 170.645 142.789 
115.884 69.2919 170.036 140.399 
120.205 70.4429 170.141 140.369 


----------------------------------------------------------------
180.021 secs
----------------------------------------------------------------
Best Fitness: 909935
Worst Fitness: 943086
----------------------------------------------------------------
P_h: 
98.5 88.6 0 276.85 
94.1657 54.2067 22.1253 221.184 
79.9359 72.099 29.4721 239.81 
71.5489 78.6359 53.1367 240.606 
77.1428 56.9093 44.9984 263.689 
71.9203 60.6294 44.0146 247.026 
88.7671 67.6897 59.9146 284.714 
68.5813 49.068 3.42791 266.391 
65.4106 58.7687 17.0153 268.665 
64.4935 76.1294 48.4233 275.938 
86.0984 50.9411 3.8929 261.894 
76.3215 53.7774 37.3835 256.013 
63.4184 57.8222 48.0687 279.57 
61.9131 49.041 57.2935 304.522 
84.0914 50.8198 58.3996 300.633 
71.7838 54.1143 23.9791 299.394 
75.7903 62.1056 51.2377 300.061 
76.5316 60.8517 56.9515 302.392 
67.6944 53.3584 57.7353 262.072 
65.5748 74.5561 58.6645 269.307 
70.9105 61.4277 55.8932 251.245 
83.5631 61.0667 57.1273 278.875 
62.8141 57.2042 57.5006 261.308 
65.2926 50.9973 39.2496 256.546 
----------------------------------------------------------------
Best: 
15 15 30 25 906.05 
13.0087 6.63635 23.3731 16.2351 998.319 
9.14723 9.82097 21.9516 16.2783 938.683 
7.73313 11.8335 17.035 15.1916 846.072 
8.8814 7.3293 19.5367 17.6943 847.26 
8.02366 8.05407 19.9036 15.1902 986.41 
13.3604 9.89974 13.8648 21.6217 1148.91 
7.73883 6.56118 26.5729 17.7876 1612.53 
7.06721 8.14194 24.6619 19.1334 1830.14 
6.72514 12.8485 18.6023 18.866 1855.02 
10.4892 7.05644 25.8329 15.5824 1827.17 
8.3865 7.45275 20.2191 14.457 1886.5 
6.28804 8.15607 18.2279 16.1379 1781.12 
5.94162 6.4736 14.0357 19.4395 1727.23 
9.07898 6.5044 12.9715 18.948 1636.06 
7.09719 6.89756 23.3639 19.6508 1620.73 
7.6203 8.34995 17.2602 21.5248 1640.81 
7.71966 8.40971 14.0013 21.5948 1643.27 
6.52127 7.16772 12.0437 15.2 1799.14 
6.26238 12.2574 13.5386 16.3511 1811.9 
6.93897 9.10701 16.2557 14.4877 1800.52 
8.82584 9.04224 15.5018 18.893 1639.37 
5.89913 8.36577 15.8852 16.3519 1411.17 
6.1513 7.21651 21.2557 15.7807 1177.91 


Volume: 
100 80 170 120 
95.9913 81.3636 154.827 106.165 
94.844 80.5427 151.875 121.487 
94.1109 77.7092 164.849 129.668 
91.2295 78.3799 164.096 133.925 
90.2058 77.3258 165.746 135.77 
84.8454 73.4261 175.597 133.685 
86.1066 73.8649 166.377 135.801 
89.0394 73.723 164.129 130.533 
93.3142 69.8745 164.165 138.24 
94.825 71.8181 152.961 147.319 
96.4385 72.3653 149.609 151.464 
101.151 72.2092 158.719 161.159 
107.209 74.7356 163.126 161.939 
109.13 77.2312 166.895 161.219 
112.033 78.3337 159.629 155.604 
113.412 76.9837 159.921 147.05 
113.693 74.574 161.522 148.819 
114.171 74.4063 164.996 150.88 
113.909 70.1489 168.527 148.53 
113.97 70.0419 169.202 146.086 
113.144 69.9996 169.13 140.731 
116.245 69.6339 173.442 140.635 
120.094 70.4174 170.119 140.356 

100 80 170 120 
100.964 78.2115 153.757 106.638 
102.676 75.31 152.108 123.117 
99.1401 73.067 141.087 132.32 
98.8716 73.901 132.308 137.082 
93.9733 70.8263 137.906 148.829 
90.1126 66.0708 137.572 157.918 
93.3196 62.5695 144.115 156.392 
91.3932 62.3799 147.992 159.258 
91.1911 62.8693 145.341 150.813 
91.34 62.0588 146.469 154.637 
91.9421 62.4578 154.713 160.034 
97.1543 60.887 161.166 162.943 
103.19 62.9438 157.979 157.316 
108.212 64.1053 159.839 154.847 
111.47 65.1621 156.964 165.031 
114.507 65.2189 158.004 160.902 
115.641 62.9256 156.303 159.959 
110.811 62.9016 153.846 151.935 
110.008 63.9584 156.204 155.396 
111.215 65.9545 165.805 156.859 
113.422 68.0114 169.128 154.51 
116.581 68.9762 170.344 152.23 
120.788 69.932 170.745 139.734 


----------------------------------------------------------------
184.917 secs
----------------------------------------------------------------
Best Fitness: 909225
Worst Fitness: 942895
----------------------------------------------------------------
P_h: 
98.5 49 0 211.33 
89.2156 53.1077 39.8039 222.881 
62.5547 65.9854 0 239.079 
71.436 79.4138 9.29027 232.127 
62.3843 49.7787 36.9236 263.913 
77.731 64.7657 22.2042 273.606 
66.8413 67.5201 24.5263 266.253 
70.2922 61.3796 40.4027 274.571 
80.8066 67.2326 0 308.848 
96.881 55.0953 20.421 304.559 
76.62 77.3649 7.41099 285.311 
64.0194 44.3788 37.7864 265.132 
85.404 63.6397 45.4755 309.511 
87.7121 71.4114 31.3193 293.709 
78.8004 54.6327 51.2895 277.683 
65.59 63.0677 50.8323 323.357 
86.3925 56.2515 31.3045 272.593 
75.9797 42.127 40.4783 282.746 
84.4526 53.3943 53.2729 270.784 
83.4608 47.1965 55.1765 306.694 
78.1107 46.6827 56.4361 307.937 
65.1571 43.9854 57.8706 286.247 
65.4953 58.4247 58.6235 292.356 
65.8509 53.5791 57.6578 277.983 
----------------------------------------------------------------
Best: 
15 6 30 13 1011.17 
10.9494 6.45928 20.3099 16.5462 984.992 
6.21811 8.46948 26.2095 16.2166 992.381 
7.46146 11.7393 24.668 14.5055 897.733 
6.21811 6 19.6158 17.415 877 
8.56238 8.49926 22.3073 17.7382 971.692 
6.82693 9.44294 21.8441 16.2691 1224.86 
7.24654 8.46214 18.2589 16.6112 1553.35 
8.87287 9.85504 26.7061 22.4475 1783.11 
13.8219 7.42027 21.3532 22.6363 1843.04 
8.11376 13.1079 23.0957 17.4802 1783.29 
6.21811 6 17.8042 14.333 1898.68 
9.36525 9.39002 15.5322 19.4943 1725.97 
9.68515 11.7076 20.0279 17.1999 1715.85 
8.06294 7.92515 11.4536 15.2775 1667.59 
6.21811 9.79149 15.297 22.2361 1567.15 
9.17339 8.66854 21.1084 15.2937 1683.46 
7.55743 6.35011 18.8355 16.6406 1698.67 
8.89237 8.37605 14.2576 14.6129 1778.1 
8.82437 7.20552 11.8845 19.1086 1787.47 
8.00831 6.88143 12.2272 20.2699 1750.83 
6.21811 6.1797 12.274 17.8339 1666.74 
6.21811 8.61297 13.2417 20.1197 1375.1 
6.21811 7.71937 10.9939 18.9009 1134.93 


Volume: 
100 80 170 120 
98.0506 81.5407 157.89 105.854 
99.8324 82.0712 150.681 121.237 
99.371 79.3319 144.962 127.041 
99.1529 81.3319 141.024 135.836 
97.5905 79.8327 138.647 142.766 
98.7636 76.3897 137.761 146.112 
100.517 74.9276 136.064 151.809 
101.644 73.0725 125.684 151.205 
98.8222 74.6523 122.02 146.828 
102.708 70.5443 117.26 156.054 
106.49 72.5443 125.132 163.074 
108.125 71.1543 129.134 166.675 
110.44 68.4467 131.432 167.28 
113.377 69.5216 138.344 167.534 
117.159 67.7301 144.122 165.326 
116.986 66.0615 144.784 161.486 
117.428 65.7114 142.092 160.142 
115.536 64.3354 147.799 166.638 
112.711 65.1298 153.141 166.365 
111.703 67.2484 158.156 160.352 
113.485 70.0687 165.083 154.403 
116.267 69.4557 168.055 146.511 
120.049 69.7364 170.16 139.884 

100 80 170 120 
98.9822 80.1964 156.296 104.527 
97.1521 77.1946 145.579 117.636 
97.4549 75.1647 147.914 122.309 
95.1703 75.4964 145.339 133.078 
91.7994 74.4873 150.009 139.897 
91.2613 68.3771 150.872 142.063 
92.0134 63.5021 151.196 141.976 
92.2297 63.5086 145.767 145.992 
94.0828 61.7521 145.387 146.654 
93.6706 62.8095 146.876 149.427 
96.5193 62.9937 152.441 149.997 
97.7005 63.2156 156.909 154.584 
103.358 62.8762 155.551 147.89 
105.624 64.5048 154.47 152.986 
108.312 64.9792 156.552 154.559 
110.447 65.1906 153.643 153.772 
111.295 63.8353 154.657 151.826 
110.096 63.493 155.864 157.436 
109.547 64.0787 157.355 155.306 
110.033 65.7884 162.969 152.793 
112.394 67.9964 166.433 150.431 
115.785 69.1534 168.943 144.384 
120.374 70.3639 169.999 140.306 


----------------------------------------------------------------
183.542 secs
----------------------------------------------------------------
Best Fitness: 909603
Worst Fitness: 940065
----------------------------------------------------------------
P_h: 
98.5 88.6 0 276.85 
83.7153 60.721 0 237.341 
92.8532 77.6837 1.19891 231.666 
82.3999 59.938 0 255.181 
71.7473 57.8307 0 257.853 
82.4222 81.8477 0 299.748 
81.2085 67.1087 29.9275 291.297 
79.9576 48.695 47.5457 281.138 
57.4502 59.064 36.895 313.832 
78.8275 49.8646 22.2933 319.051 
71.6198 52.8846 0 310.73 
71.9974 50.4635 20.8264 296.185 
73.793 53.1442 49.087 326.572 
86.6564 69.2633 49.3011 319.408 
70.9083 60.1155 38.8828 302.246 
62.988 48.9984 53.1169 303.33 
63.4993 49.2342 53.3061 304.104 
76.6438 48.1978 55.7804 270.297 
63.6673 48.9253 56.2679 276.016 
63.6779 48.143 57.1442 265.464 
63.7911 49.3813 57.8345 263.138 
64.058 50.7467 58.3846 249.587 
64.4055 51.1411 58.5421 247.92 
64.7604 51.4856 58.766 246.271 
----------------------------------------------------------------
Best: 
15 15 30 25 906.05 
9.56351 7.76122 27.7191 20.0154 1008.22 
12.6605 11.5819 25.6688 15.6653 956.598 
9.91036 7.77039 28.4832 17.2937 892.481 
8.01773 7.36345 28.0009 16.2357 902.569 
10.5397 14.6431 27.5677 22.1069 945.982 
10.5591 10.8498 20.4966 18.6429 1180.46 
10.4186 7.25651 15.9222 15.8536 1542.66 
6.08883 9.30837 19.8632 20.3408 1772.76 
9.52211 7.4159 22.6258 22.836 1849.96 
7.8727 7.77648 28.5113 21.3729 1794.77 
7.80831 7.29047 21.7858 18.2198 1870.53 
7.93187 7.6995 14.1707 22.3427 1727.4 
10.2395 11.4562 14.8995 20.7615 1675.37 
7.2555 9.37107 18.7317 18.7277 1657.85 
6.08883 7.25651 12.5304 19.6098 1601.57 
6.08883 7.33384 14.7727 19.9427 1659.86 
7.85447 7.31977 12.1188 15.6722 1689.08 
6.08883 7.50085 12.1188 16.5823 1795.12 
6.09187 7.28543 12.2204 15.7058 1845.57 
6.08883 7.28728 12.8063 15.8692 1805.85 
6.08883 7.31694 12.8927 14.5408 1697.22 
6.08883 7.3024 12.1284 14.5438 1427.99 
6.08883 7.27778 12.1364 14.5408 1168.72 


Volume: 
100 80 170 120 
99.4365 80.2388 150.481 102.385 
94.776 77.6569 143.812 118.319 
91.8657 78.8865 141.892 128.745 
89.8479 79.523 137.313 138.178 
86.3082 71.8799 135.238 144.554 
83.7492 67.0301 133.529 153.912 
82.3306 66.7736 137.51 165.626 
86.2418 65.4652 143.849 165.782 
87.7197 67.0493 143.492 158.868 
91.847 68.2729 129.326 157.359 
94.0386 68.9824 128.371 161.765 
97.1068 69.2829 133.488 167.933 
98.8672 66.8267 137.174 168.957 
102.612 66.4557 136.664 164.4 
106.523 67.1991 144.073 159.69 
109.434 66.8653 150.012 158.479 
109.58 65.5455 155.353 155.337 
110.491 65.0447 157.58 153.528 
110.399 65.7592 161.548 149.941 
111.31 67.472 164.15 146.19 
113.221 69.155 166.85 143.87 
116.132 69.8526 169.096 142.132 
120.044 70.5749 170.335 140.484 

100 80 170 120 
101.931 76.8089 152.453 107.601 
101.174 73.2405 147.515 121.671 
98.169 73.1241 144.37 127.542 
95.9038 71.37 139.092 128.749 
92.4916 68.8924 140.883 132.838 
90.1406 67.5913 132.509 143.235 
88.8641 67.4306 128.964 149.46 
90.0918 68.5054 131.42 160.115 
92.6422 65.6659 136.641 164.741 
96.7751 64.9006 130.309 162.195 
99.9016 63.504 127.579 156.417 
100.701 63.5476 136.877 163.832 
105.904 65.2897 142.237 168.566 
110.06 66.9366 147.175 166.977 
113.263 67.6589 149.869 159.226 
113.594 66.7431 151.894 158.675 
114.673 65.7038 155.364 154.21 
114.877 64.9171 158.701 152.573 
114.073 65.3182 160.543 149.004 
114.206 67.0842 163.254 146.652 
115.409 68.7389 166.756 145.158 
117.613 69.6937 169.123 142.781 
120.816 70.6488 170.071 140.38 


----------------------------------------------------------------
175 secs
