0
1
2
3
4
5
6
7
8
9
10
11
12
13
14
15
16
17
18
19
----------------------------------------------------------------
Best Fitness: 908894
Worst Fitness: 941228
----------------------------------------------------------------
P_h: 
98.5 88.6 0 211.33 
79.4987 71.9546 56.3246 222.8 
71.3229 61.8197 47.4717 237.854 
76.6313 60.3236 57.1174 238.273 
65.6909 57.8225 38.6401 238.916 
76.8483 61.2273 24.7578 241.39 
71.4624 62.5671 13.18 247.637 
71.776 56.3367 7.35397 259.739 
83.1073 61.7913 24.2974 284.147 
72.2566 70.3457 52.6171 282.039 
73.0526 60.3674 52.2468 274.698 
67.4755 64.2362 50.3091 271.968 
83.1829 61.2077 55.5194 269.797 
73.8847 61.2311 57.1574 284.484 
71.096 55.9135 57.7086 284.815 
72.7426 54.4194 45.4256 273.255 
74.2981 55.0138 55.394 268.638 
91.4818 58.4119 25.5451 280.013 
87.4079 64.4033 53.2379 259.728 
90.6615 62.7199 53.7561 279.942 
72.4563 59.2783 52.8353 269.903 
87.8761 68.1097 58.1707 269.989 
68.5627 59.7859 55.3674 263.095 
96.1798 74.0024 56.6379 276.09 
----------------------------------------------------------------
Best: 
15 15 30 13 971.57 
8.71722 10.1698 15.0629 16.5312 959.422 
7.38112 8.10546 18.8094 16.0142 941.532 
8.26308 7.7193 16.0564 16.2621 857.655 
6.6614 7.24283 21.497 15.8943 888.931 
8.41157 7.88229 23.7466 16.2625 1005.78 
7.5244 8.37148 25.0345 16.3193 1255.15 
7.50511 7.36151 25.4013 16.9601 1604.79 
9.39413 8.31134 22.5355 19.9504 1786.66 
7.40894 10.1334 15.0609 18.3088 1842.74 
7.3698 8.08796 15.6597 16.4576 1769.63 
6.53709 8.89081 16.7241 16.2606 1856.01 
8.72988 8.38183 14.8356 16.0373 1760.29 
7.24632 8.30449 13.9767 18.2042 1723.24 
6.83333 7.22782 14.8554 18.9171 1660.47 
7.01797 6.88906 19.5838 17.7663 1624.16 
7.2057 6.97813 16.2481 17.5075 1676.66 
9.81013 7.68826 23.143 19.2274 1684.55 
9.15592 8.97961 16.2902 16.2361 1775.22 
9.83742 8.7585 16.2382 18.3707 1792.92 
7.04177 8.02684 16.8975 17.0333 1785.53 
9.37973 9.80258 14.5158 17.18 1635.85 
6.53709 8.23471 16.5062 16.1651 1403.19 
10.9694 12.023 16.0043 18.6299 1087.09 


Volume: 
100 80 170 120 
100.283 77.8302 163.137 105.869 
100.902 78.7248 163.328 121.455 
99.6386 80.0055 172.988 120.255 
98.9772 80.7626 172.042 123.171 
97.5656 79.8803 168.664 122.965 
98.0412 77.5089 161.01 128.142 
99.5361 77.1474 153.264 134.929 
100.142 76.836 147.135 140.013 
103.733 75.7027 148.95 147.105 
108.363 76.6147 151.046 153.183 
111.826 75.7239 152.043 151.984 
114.096 75.3421 158.71 151.606 
118.85 76.0376 162.358 150.126 
123.017 77.8097 168.124 146.044 
125.999 78.9207 166.168 142.255 
127.793 78.9425 167.058 139.603 
125.983 77.2543 160.161 139.959 
123.827 75.2747 158.965 139.971 
119.989 74.5162 160.515 144.743 
119.948 75.4893 162.462 144 
118.568 74.6868 168.763 143.058 
121.031 74.452 169.057 143.791 
120.061 70.4291 170.459 139.677 

100 80 170 120 
99.1715 81.151 151.829 100.617 
98.9088 83.2139 145.12 116.764 
96.6474 84.3814 147.706 126.012 
95.7212 78.7602 140.833 134.456 
95.8569 77.0012 143.28 142.179 
95.6777 76.1448 135.478 146.617 
92.2265 70.9822 132.962 143.324 
92.8165 71.1342 124.619 149.335 
96.9522 72.5228 133.107 157.205 
98.8966 73.8289 133.182 168.11 
102.032 73.6302 135.652 162.263 
106.168 70.8299 145.536 164.963 
111.304 71.3001 145.282 163.282 
112.68 69.9118 149.307 159.303 
113.189 71.2085 154.559 161.38 
115.129 71.5053 160.238 160.012 
115.886 70.0012 160.24 156.721 
116.022 68.9264 160.548 155.948 
115.157 67.1802 154.922 155.967 
115.293 69.3176 158.197 149.425 
116.429 71.6143 163.322 154.575 
118.564 69.3757 168.645 147.539 
120.075 70.6725 170.095 139.953 


----------------------------------------------------------------
127.953 secs
0
1
2
3
4
5
6
7
8
9
10
11
12
13
14
15
16
17
18
19
----------------------------------------------------------------
Best Fitness: 906471
Worst Fitness: 947487
----------------------------------------------------------------
P_h: 
98.5 88.6 0 276.85 
65.2627 57.975 2.89863 216.478 
65.3193 68.2051 30.1121 248.174 
76.6555 74.3676 32.9742 259.477 
67.9811 60.5731 0.199091 251.9 
67.6463 75.4814 54.5262 260.934 
77.5996 48.4978 43.3174 275.556 
71.4323 56.4505 28.1716 269.072 
72.5474 49.5028 32.4947 285.031 
62.3621 58.7121 32.7469 285.357 
70.0954 69.0118 32.8526 276.119 
91.014 58.2729 50.3909 267.063 
95.5637 57.8909 45.6941 313.92 
83.514 59.1138 50.5207 275.597 
65.1136 74.5732 35.8534 274.32 
91.7837 65.6755 48.7166 281.095 
95.2863 59.1459 35.8961 305.172 
77.1905 54.4055 51.6542 270.138 
79.327 53.2318 54.0712 262.492 
76.4171 64.4619 55.832 292.413 
96.3934 46.7896 52.0463 279.551 
85.8383 55.2398 57.9731 268.876 
72.5469 50.9727 47.8524 261.866 
74.5801 60.377 58.7047 289.201 
----------------------------------------------------------------
Best: 
15 15 30 25 906.05 
6.48598 7.2699 25.9222 15.4285 1047.39 
6.44753 9.03073 21.6798 17.6033 948.189 
8.10829 10.5058 21.291 17.9061 846.526 
6.86382 7.82616 25.7359 15.9359 909.346 
6.81174 11.5211 13.5074 16.4485 951.412 
8.30644 6.42271 18.9693 17.2347 1205.03 
7.29186 7.75057 21.8269 16.8148 1574.87 
7.36158 6.50084 20.9984 19.2254 1800.42 
5.91494 7.83677 20.5009 18.7402 1880.82 
6.78568 9.88213 20.1469 16.8152 1781.92 
10.0392 7.84205 13.9949 15.1053 1843.26 
11.0178 7.75069 16.8728 22.7548 1716.93 
8.61647 7.82891 15.7784 16.7422 1731.25 
6.09964 11.3027 20.3807 16.5359 1680.14 
9.89157 9.50817 16.9681 17.6987 1582.73 
10.6304 8.44588 20.1475 22.3831 1634.5 
7.62502 7.83584 16.0733 16.4261 1686.61 
7.93619 7.72214 15.5946 14.916 1790.88 
7.55283 10.2238 14.7517 19.3387 1790.88 
11.1888 6.67512 16.9895 17.7134 1765.22 
9.11435 7.92474 12.5575 16.5088 1652.07 
7.08514 7.11947 19.1076 15.4535 1416.76 
7.31422 8.85109 14.1451 20.9389 1107.14 


Volume: 
100 80 170 120 
102.514 80.7301 152.278 106.972 
104.066 80.6994 149.598 120.968 
102.958 79.1936 151.793 128.984 
102.094 79.3674 142.775 134.728 
102.283 74.8463 150.406 139.571 
101.976 74.4236 151.806 148.072 
103.684 73.673 146.617 144.764 
106.323 75.1722 146.447 144.508 
111.408 76.3354 140.66 147.595 
116.622 75.4533 136.626 151.778 
116.583 75.6112 137.047 157.174 
116.565 75.8605 138.796 154.566 
119.949 77.0316 145.939 151.818 
124.849 74.7289 147.418 152.155 
124.957 73.2208 148.817 150.235 
123.327 71.7749 144.598 148.233 
123.702 69.939 151.719 148.775 
122.766 69.2169 157.263 154.006 
121.213 66.9931 159.582 150.741 
117.024 69.318 160.365 148.622 
115.91 70.3933 165.082 146.865 
117.825 71.2738 168.387 148.401 
120.511 70.4227 170.032 140.019 

100 80 170 120 
94.1067 79.5226 149.487 106.524 
88.8329 80.1638 138.726 122.283 
87.0439 76.25 132.681 134.104 
85.4022 71.0508 134.043 147.82 
84.3753 69.5177 134.733 156.736 
80.4 62.6912 130.989 162.021 
82.8007 60.3067 135.47 163.794 
83.7998 61.3725 130.825 175.268 
88.1703 61.6683 125.859 174.05 
91.7888 62.3555 132.642 179.948 
95.1408 62.0493 129.283 185.178 
98.2105 61.7378 133.107 179.773 
102.945 62.4278 138.505 182.764 
106.098 64.4937 139.999 175.976 
109.525 63.4735 145.014 163.54 
111.965 63.5393 150.63 165.455 
113.401 62.6052 153.594 161.617 
113.767 62.671 157.633 156.696 
112.905 63.7368 159.881 153.428 
113.345 65.0048 162.998 150.163 
114.784 67.0707 166.454 146.607 
117.224 68.1365 168.407 143.252 
120.663 69.2023 170.449 139.786 


----------------------------------------------------------------
133.153 secs
0
1
2
3
4
5
6
7
8
9
10
11
12
13
14
15
16
17
18
19
----------------------------------------------------------------
Best Fitness: 910427
Worst Fitness: 941135
----------------------------------------------------------------
P_h: 
98.5 88.6 0 276.85 
91.1309 68.5758 17.5118 238.009 
70.6976 59.5884 13.5807 245.98 
83.5995 73.9892 28.2681 267.713 
77.2119 71.8327 0 259.104 
73.8992 61.7285 44.6076 263.132 
72.5881 68.0515 23.7522 276.001 
75.2525 66.2587 40.0855 264.781 
71.9718 65.2375 25.3048 264.764 
73.1534 64.7382 22.6453 266.949 
76.8502 62.9137 37.6116 277.593 
81.808 57.1805 30.0037 271.637 
80.7905 50.2873 26.161 280.858 
73.2804 53.5401 28.8006 275.529 
73.1852 57.209 41.6449 280.444 
76.9571 48.1981 34.8348 258.332 
74.0637 48.3035 37.8268 287.885 
72.6182 49.0414 44.9374 309.749 
85.6017 41.4973 46.2655 301.417 
71.243 46.3322 52.6886 290.939 
75.6063 50.0715 55.1882 282.205 
61.8295 46.1009 57.3205 256.34 
62.3545 47.5341 58.467 259.573 
70.4387 48.9354 58.8654 254.978 
----------------------------------------------------------------
Best: 
15 15 30 25 906.05 
11.1849 9.06473 24.1793 18.8228 982.983 
7.49791 7.96134 23.9968 17.346 968.372 
9.95114 10.6598 21.3699 20.3063 833.514 
8.61025 9.88763 27.5163 18.7633 881.724 
8.13218 8.15676 17.91 20.2196 958.538 
7.9347 9.40676 22.0112 20.4648 1203.43 
8.43505 9.98927 17.4788 19.0264 1538.85 
7.94508 9.47357 20.2242 17.7215 1798.99 
7.80558 9.32046 20.1055 16.8811 1884.96 
8.06867 9.24942 16.6039 17.6432 1771.87 
8.95686 8.9282 18.7887 16.5738 1859.06 
8.85966 7.43332 20.3657 17.3972 1787.76 
7.43531 7.62441 19.7124 17.8623 1756.01 
7.38758 8.85323 16.481 19.3012 1656.88 
7.96946 7.46884 17.1568 15.489 1624.77 
7.44471 7.36466 17.2515 18.4549 1669.09 
7.36524 8.52944 16.8178 19.8828 1667.34 
9.60152 7.2707 17.1533 19.1598 1768.51 
7.20139 7.82843 15.5596 18.402 1823.65 
7.7664 8.07963 15.7895 18.2931 1778.89 
5.86592 7.03176 15.0675 15.3623 1698.08 
5.8663 7.03176 14.324 15.77 1422.51 
6.78757 7.03176 12.2759 15.6813 1154.74 


Volume: 
100 80 170 120 
100.688 81.0032 156.637 107.161 
96.1372 76.5524 143.888 120.513 
94.3132 77.6377 140.525 124.671 
95.3132 79.6377 136.618 124.254 
93.807 78.1124 144.602 121.335 
93.4849 77.4592 138.201 130.821 
92.6707 70.8363 128.252 127.755 
91.6013 72.8363 119.645 134.729 
97.6013 73.209 112.592 142.234 
104.601 71.117 115.422 147.2 
103.381 65.494 115.519 149.125 
101.83 67.494 123.147 152.157 
107.291 70.494 122.004 143.779 
108.397 66.049 124.723 139.96 
107.595 64.3156 112.808 144.489 
110.749 65.3156 120.702 151.796 
106.522 57.6926 136.182 164.432 
104.565 57.1061 142.761 160.613 
105.565 59.1061 151.988 155.149 
107.565 62.1061 162.868 147.363 
110.565 65.1061 167.455 143.544 
114.565 67.1061 169.455 143.424 
119.565 69.1061 170.455 139.605 

100 80 170 120 
97.8151 78.9353 154.021 103.577 
98.3172 79.9739 149.024 117.831 
95.3661 78.3141 155.839 121.704 
92.7558 76.4265 147.885 126.938 
91.6237 75.2697 151.888 128.088 
91.689 71.863 152.146 135.14 
92.2539 68.8737 154.687 134.023 
94.3088 67.4001 151.555 138.313 
97.5032 67.0797 150.291 138.911 
101.435 66.8303 152.622 141.491 
102.478 65.9021 153.112 145.023 
104.618 66.4687 154.135 144.23 
109.183 67.8443 155.629 145.156 
112.795 67.9911 159.936 146.221 
114.826 68.5223 159.648 150.444 
116.381 68.1576 159.408 148.47 
117.016 65.6282 161.413 145.744 
114.414 65.3575 160.174 143.836 
113.213 65.529 160.344 142.252 
112.446 66.4494 164.685 141.112 
114.581 68.4177 166.09 141.309 
117.714 69.3859 168.361 141.329 
120.927 70.3541 170.03 140.715 


----------------------------------------------------------------
132.778 secs
0
1
2
3
4
5
6
7
8
9
10
11
12
13
14
15
16
17
18
19
----------------------------------------------------------------
Best Fitness: 910952
Worst Fitness: 948169
----------------------------------------------------------------
P_h: 
98.5 88.6 0 276.85 
87.8538 65.7678 6.07183 240.639 
63.4108 80.3993 0 255.696 
89.5906 63.1188 0 253.211 
63.5567 70.6813 0 251.172 
80.2684 65.9006 21.3802 261.693 
60.2529 66.2655 0 275.044 
77.6604 45.4905 46.7542 309.389 
89.606 63.7742 45.0997 282.503 
88.8125 62.3329 51.3435 284.341 
74.2647 46.1956 0 306.681 
76.7797 52.1358 30.345 300.055 
59.2777 41.0271 42.3252 306.992 
90.2572 58.4664 50.0818 279.017 
89.5356 44.8685 31.1159 281.925 
98.7478 46.245 51.6064 308.933 
61.0184 44.7787 55.3109 314.546 
62.2731 45.6871 55.8379 318.681 
58.5948 43.9444 57.4647 280.133 
60.0086 47.3736 57.6203 294.915 
61.1656 47.083 58.0284 264.228 
59.8084 45.0043 58.6261 254.863 
59.4997 45.9868 58.8694 257.56 
59.8233 46.9531 58.6867 252.689 
----------------------------------------------------------------
Best: 
15 15 29.7056 25 906.05 
10.562 8.74734 25.5364 21.3093 989.668 
6.31963 12.9007 29.1096 21.8766 960.494 
11.3212 8.69008 27.5967 19.4051 884.079 
6.51322 10.6382 27.7654 16.6597 904.59 
9.36138 10.0482 22.4418 16.4563 980.757 
6.09353 11.052 28.4234 16.7409 1248.44 
8.70259 6.94987 15.8259 22.6083 1520.71 
11.6538 11.0205 16.6103 16.2618 1759.02 
11.4668 11.0922 14.3631 16.567 1833.17 
8.01375 7.50519 29.1587 20.3301 1802.86 
8.33979 8.66517 20.5998 20.2547 1850.68 
5.69707 6.58011 18.192 19.7811 1780.38 
10.5354 9.88279 15.6793 15.4335 1722.18 
10.322 7.06213 20.8143 15.5045 1682.56 
14.0998 7.18787 14.8972 19.4505 1564.47 
5.87997 6.94573 13.4511 20.2724 1654.35 
5.98719 7.24033 15.1236 22.679 1657.52 
5.52014 6.95286 12.112 16.8358 1799.86 
5.67953 7.44524 13.6449 19.6772 1820.08 
5.79454 7.17688 12.112 15.85 1809.49 
5.59781 6.58011 12.6869 14.883 1701.7 
5.52014 6.58011 13.2209 15.61 1428.08 
5.52014 6.58011 12.112 15.3439 1171.85 


Volume: 
100 80 170 120 
98.438 79.2527 152.664 101.091 
100.118 75.3519 142.554 110.52 
95.7971 75.6618 142.519 116.651 
95.2839 73.0236 132.821 129.101 
92.9225 69.9754 138.601 140.241 
94.829 64.9234 128.381 151.266 
95.1264 64.9736 134.555 151.099 
93.4726 61.9531 135.086 163.261 
93.0058 59.8609 141.478 162.52 
96.9921 61.3557 131.923 158.8 
98.6523 60.6905 135.81 152.908 
103.955 62.1104 140.724 162.286 
105.42 61.2276 143.89 167.452 
106.098 63.1655 140.438 170.14 
101.998 63.9776 144.656 166.369 
105.118 64.0319 153.41 166.911 
107.131 62.7916 161.448 159.129 
108.611 62.8387 163.404 155.744 
108.931 63.3935 163.692 151.19 
110.137 65.2166 166.34 147.452 
112.539 67.6365 168.286 146.214 
116.019 69.0564 169.305 142.716 
120.499 70.4762 169.967 140.059 

100 80 170 120 
100.788 77.6746 151.922 104.368 
102.126 76.4385 142.715 115.522 
97.2671 76.545 149.195 122.233 
96.2701 76.6113 142.82 135.242 
92.7452 73.4332 145.276 137.608 
92.2408 67.1978 134.166 146.008 
90.4205 66.9214 136.17 147.887 
88.3046 64.5 134.094 160.223 
92.9316 63.1506 140.503 162.522 
96.481 64.1755 140.319 161.662 
97.546 64.1736 144.552 157.199 
102.345 64.114 141.454 159.48 
101.617 63.7399 144.987 157.537 
105.732 65.33 142.71 165.3 
108.677 66.1271 150.425 161.967 
109.482 66.0569 156.557 159.84 
111.281 64.7743 159.332 159.214 
111.964 64.5812 161.989 154.978 
111.447 65.4946 163.727 151.354 
112.244 67.4384 165.645 147.218 
114.043 69.2546 168.456 143.154 
116.705 70.061 169.84 141.751 
120.367 70.8773 170.092 139.953 


----------------------------------------------------------------
132.357 secs
0
1
2
3
4
5
6
7
8
9
10
11
12
13
14
15
16
17
18
19
----------------------------------------------------------------
Best Fitness: 910282
Worst Fitness: 951652
----------------------------------------------------------------
P_h: 
98.5 49 0 211.33 
65.6919 59.3784 0 232.766 
71.3327 72.9312 0 225.494 
70.4406 50.3442 9.93886 250.153 
88.4849 51.4712 51.0814 264.545 
62.0914 70.5147 6.26746 270.906 
75.5382 75.2037 37.4017 273.974 
62.7621 47.7593 31.9987 275.271 
70.2409 48.9565 29.0505 260.917 
64.2758 69.5806 50.163 319.002 
99.1571 56.5805 50.3699 303.991 
64.7358 73.0429 29.5354 256.422 
65.3157 49.761 51.9715 255.561 
65.7562 67.1182 47.2275 295.006 
65.9059 51.6146 0 256.506 
65.8861 84.273 39.9447 307.904 
71.3692 67.9202 47.9478 301.8 
74.0132 47.0958 33.6229 262.955 
97.0374 71.4473 42.607 303.467 
98.5202 66.373 50.5294 309.045 
94.1504 72.7005 52.0628 258.494 
92.509 53.5041 54.5286 268.423 
93.0586 49.181 47.2279 296.026 
84.3376 58.5772 58.1242 258.556 
----------------------------------------------------------------
Best: 
15 6 30 13 1011.17 
6.54424 7.51755 27.4653 18.6858 1032.16 
7.2964 10.1678 29.4461 14.5263 990.242 
7.1755 6 23.7032 16.0622 909.124 
10.7386 6 12.2637 16.1296 834.417 
6.18335 9.31759 24.3864 15.983 1000.22 
8.11941 11.0708 18.8989 16.958 1187.88 
6.18569 6 19.6614 16.1018 1582.21 
7.09034 6 20.1422 14.015 1830.84 
6.18335 9.44854 11.8451 22.946 1816.98 
12.8147 6.98235 13.0392 19.8908 1719.9 
6.18335 10.1941 20.171 14.015 1886.26 
6.18335 6 13.6526 14.015 1807.39 
6.18335 8.72786 16.5625 18.7379 1724.89 
6.18335 6 28.0782 14.015 1755.97 
6.18335 13.2704 17.5959 22.3236 1571.99 
6.83225 9.4628 14.5034 19.3915 1640.96 
7.15843 6 19.0397 14.112 1722.31 
10.7502 10.8237 16.9339 20.006 1725.44 
11.2437 9.98313 12.9907 21.5523 1755.53 
10.4334 12.2476 10.8799 14.1118 1762.59 
10.1875 7.79557 10.4424 15.4516 1651.04 
10.3543 6.97141 18.559 21.1441 1364.51 
8.74465 8.65347 11.3126 16.1664 1130.4 


Volume: 
100 80 170 120 
102.456 80.4825 150.735 103.714 
103.159 79.3146 140.289 120.788 
102.984 82.3146 131.13 132.191 
98.2453 84.3146 136.68 145.507 
99.0619 81.997 133.637 153.228 
98.9425 76.9262 134.476 148.533 
101.757 77.9262 128.998 156.818 
104.666 79.9262 127.293 161.702 
109.483 79.4777 133.705 158.417 
108.668 81.4954 134.756 158.669 
112.485 79.3013 128.768 156.499 
117.302 81.3013 141.379 155.523 
123.118 81.5734 140.982 156.956 
127.935 84.5734 132.281 156.594 
131.752 79.303 128.868 150.833 
133.919 76.8402 131.276 159.519 
134.761 76.8402 126.42 163.003 
131.011 73.0165 130.589 157.501 
125.767 71.0333 135.219 154.988 
122.334 67.7857 143.09 157.81 
120.146 68.9901 156.715 155.349 
118.792 70.0187 159.572 145.085 
120.047 69.3653 170.695 139.361 

100 80 170 120 
102.464 79.1051 158.14 104.22 
100.05 77.7967 147.164 118.45 
95.6081 77.3382 146.154 123.634 
93.1664 76.3561 142.633 134.57 
91.58 73.9812 146.459 140.074 
89.991 67.3755 144.98 144.308 
91.2318 67.3618 141.152 149.708 
90.7913 67.7484 144.6 148.808 
94.1788 67.3264 149.495 147.204 
97.7161 67.8924 150.394 147.168 
98.9439 66.3115 147.637 146.771 
101.004 65.2499 150.162 147.848 
104.913 65.0427 145.076 145.885 
107.796 66.3813 151.653 147.884 
110.879 67.3676 153.506 154.465 
113.048 67.0515 159.111 153.204 
115.32 64.9729 160.167 154.931 
115.225 64.4139 158.861 151.685 
114.065 65.4002 154.671 147.147 
114.272 66.5722 160.207 147.609 
114.458 68.5585 165.502 149.238 
117.49 69.5448 166.027 145.065 
120.493 70.3018 170.135 140.767 


----------------------------------------------------------------
124.571 secs
0
1
2
3
4
5
6
7
8
9
10
11
12
13
14
15
16
17
18
19
----------------------------------------------------------------
Best Fitness: 909664
Worst Fitness: 949483
----------------------------------------------------------------
P_h: 
98.5 88.6 0 276.85 
63.8751 65.0506 8.79728 237.122 
87.318 75.0396 12.9102 238.523 
76.5976 72.3505 42.7908 264.094 
71.7696 56.0074 37.3344 248.422 
76.6814 53.5925 32.6039 268.431 
66.6476 68.2671 35.3552 272.005 
89.2788 55.9429 41.2649 270.027 
66.5641 60.6735 48.8625 259.005 
77.2183 68.0477 31.4692 273.237 
68.6176 51.2454 0 273.143 
84.5366 58.2639 40.4397 284.396 
75.8255 54.9646 48.5278 276.705 
79.6955 64.4295 45.9844 275.321 
75.5603 54.5188 54.7776 285.403 
91.2033 58.2453 45.018 286.199 
74.0511 58.5892 55.1873 289.895 
70.9438 54.2956 55.0231 272.864 
73.7551 50.2584 57.0822 273.828 
74.4549 49.4144 57.1618 279.369 
86.0652 51.1003 53.9735 267.103 
76.1999 47.8917 49.2575 268.566 
71.9739 51.1767 58.3719 263.056 
80.5766 52.3081 58.9708 259.647 
----------------------------------------------------------------
Best: 
15 15 30 25 906.05 
6.30042 8.59948 25.1955 19.9427 1015.16 
10.2574 10.9397 24.3232 16.8049 946.209 
8.28235 10.5541 19.1133 20.1741 834.168 
7.59304 7.37106 20.5051 16.0725 876.467 
8.46864 6.98907 21.5741 19.0888 978.691 
6.85982 10.1923 21.0435 19.5236 1207.72 
11.3469 7.92209 19.6082 18.5828 1543.49 
6.81499 8.89178 17.1564 16.2278 1804.89 
8.30255 10.7519 21.5826 17.9664 1870.03 
6.82918 7.2422 26.5293 18.1083 1836.99 
9.27952 8.50656 18.7866 19.5869 1842.36 
7.72185 7.90881 16.7338 16.9092 1773.98 
8.18804 9.83568 17.8322 16.4379 1734.57 
7.50256 7.78778 14.1563 17.9446 1659.74 
10.0497 8.50844 18.5723 18.0978 1589.33 
7.26722 8.81695 14.7848 19.5708 1652.28 
6.84522 8.33497 15.6571 16.761 1686.87 
7.21342 7.71559 14.4665 17.2214 1785.08 
7.32787 7.51255 14.8154 18.4591 1819.6 
9.13622 7.62926 16.8274 17.0692 1781.76 
7.60061 6.86592 18.408 17.7255 1678.08 
6.99484 7.31284 14.1279 16.9557 1405.42 
8.15373 7.43373 13.5316 16.1878 1138.5 


Volume: 
100 80 170 120 
102.7 79.4005 153.004 102.457 
100.442 77.4608 147.681 117.252 
99.1598 75.9067 151.868 122.274 
97.5668 76.5357 153.22 130.525 
96.0981 76.5466 154.868 130.549 
97.2383 72.3543 154.972 131.531 
94.8914 71.4322 153.203 134.522 
98.0764 70.5405 150.896 139.338 
100.774 68.7885 151.852 140.979 
105.945 70.5463 141.06 140.028 
106.665 70.0398 141.468 142.023 
109.943 70.131 146.315 151.643 
113.755 69.2953 148.005 153.992 
117.253 70.5075 153.077 152.781 
117.203 69.9991 152.601 152.516 
118.936 68.1821 157.155 147.101 
120.091 65.8471 161.335 148.913 
119.877 65.1315 163.644 146.476 
118.549 65.619 165.491 143.674 
116.413 66.9897 166.212 141.071 
116.812 69.1238 164.848 138.161 
118.818 69.811 168.368 138.033 
120.664 70.3772 170.067 140.253 

100 80 170 120 
101.889 79.9162 149.163 105.482 
104.604 78.8819 148.47 121.904 
101.23 79.7615 157.129 134.025 
96.9996 80.7945 156.265 135.698 
98.1612 78.4431 153.837 131.578 
99.7692 74.2535 152.735 130.87 
102.83 75.051 153.24 141.035 
106.171 74.8392 151.545 147.237 
109.488 72.2247 149.645 143.202 
116.204 70.3017 136.434 146.867 
117.085 70.7241 137.427 145.401 
119.038 68.9694 143.202 155.72 
118.264 71.8404 147.429 157.995 
118.42 74.3698 152.395 153.197 
120.063 74.836 162.455 155.684 
122.132 73.8341 165.541 149.628 
124.554 69.6458 170.676 146.906 
121.43 68.6227 172.735 145.334 
119.652 68.3314 170.522 142.401 
118.089 69.6267 167.841 138.575 
118.026 71.2925 172.558 135.596 
116.584 72.8759 178.234 144.419 
120.285 70.0849 170.494 139.994 


----------------------------------------------------------------
109.106 secs
0
1
2
3
4
5
6
7
8
9
10
11
12
13
14
15
16
17
18
19
----------------------------------------------------------------
Best Fitness: 908902
Worst Fitness: 939576
----------------------------------------------------------------
P_h: 
98.5 88.6 0 276.85 
73.43 66.1631 6.82324 231.111 
66.7921 56.6858 0 236.704 
85.3814 58.3711 0 247.112 
85.0798 78.7452 3.91255 283.458 
91.4124 72.7795 32.4888 275.961 
63.2279 67.9503 0 304.658 
63.9963 50.5871 0 285.531 
91.3957 51.2202 24.5619 318.156 
65.1819 71.0104 44.7591 303.662 
68.8396 67.1241 32.6207 287.745 
71.0538 49.1488 49.4096 316.549 
93.8132 50.0627 48.9941 299.043 
67.3504 51.1568 42.7529 298.404 
68.2121 52.5883 45.3308 306.005 
68.768 70.3101 53.2764 286.75 
69.1014 62.4399 53.6625 272.576 
89.2744 68.9304 54.1186 271.529 
68.8849 44.6983 55.1983 269.196 
68.7821 45.5576 56.5803 267.457 
68.8299 46.8635 58.1641 265.255 
69.0203 48.3031 58.8971 260.878 
69.3202 48.9785 58.7495 261.536 
69.6713 49.6635 58.8233 253.181 
----------------------------------------------------------------
Best: 
15 15 29.6955 25 906.05 
7.67788 8.8301 25.4433 18.2755 1012.47 
6.68482 7.03103 28.6881 16.2129 999.818 
9.88604 7.12 28.16 16.2022 899.136 
10.1713 11.5305 24.6922 20.5952 838.805 
13.5478 10.6687 20.0263 17.399 937.358 
6.68482 10.2472 27.5205 21.7339 1214.16 
6.68482 7.02983 26.7433 18.0406 1599.89 
13.4666 7.027 20.8314 23.282 1754.67 
6.81914 11.2151 15.5618 18.9556 1835.39 
7.12913 10.5329 19.545 16.3034 1773.67 
7.34163 6.9926 13.2012 21.3419 1823.84 
12.1367 7.03247 15.4052 18.2841 1738.09 
6.68482 6.99271 18.1528 19.0271 1740.34 
6.68482 7.01297 17.8163 21.5272 1657.86 
6.68482 10.7234 14.1491 18.2142 1590.9 
6.68482 9.36592 14.1764 16.0981 1672.22 
9.85368 12.1331 14.1364 16.2129 1656.15 
6.68482 6.9926 14.1631 16.1627 1802.02 
6.68482 7.01449 14.2545 16.1989 1841.62 
6.68482 6.9919 14.1322 16.1738 1800.89 
6.68482 6.99624 13.4617 15.8229 1682.9 
6.68482 6.99271 14.123 16.1642 1411.42 
6.68482 6.9919 13.8977 15.3663 1158.66 


Volume: 
100 80 170 120 
101.322 79.1699 152.757 104.125 
102.637 81.1389 143.069 119.207 
99.7513 83.0189 139.586 128.448 
95.5799 79.4884 133.409 136.541 
89.0321 75.8197 134.3 147.302 
90.3473 71.5725 127.071 150.26 
92.6625 71.5427 127.406 152.246 
89.1959 72.5157 124.928 156.485 
93.3767 70.3006 127.298 164.272 
98.2476 68.7677 129.25 168.8 
100.906 69.7751 131.895 163.02 
99.7693 70.7426 138.834 164.281 
105.084 72.7499 141.555 158.455 
109.4 74.7369 145.868 152.333 
112.715 72.0135 147.437 152.272 
115.03 69.6476 148.938 153.99 
113.176 63.5144 150.499 151.926 
113.491 63.5218 154.744 149.94 
112.807 64.5073 160.709 147.877 
113.122 66.5154 167.395 145.867 
114.437 68.5192 169.611 144.298 
116.752 69.5265 170.187 142.266 
120.067 70.5346 169.966 140.361 

100 80 170 120 
97.7978 79.6297 161.143 103.466 
98.0252 78.0759 154.954 116.915 
96.8666 78.0673 158.552 114.894 
93.4167 77.4329 157.551 123.491 
91.8182 76.4281 162.471 131.877 
91.4834 72.8928 160.241 134.637 
92.6264 70.877 158.9 132.412 
92.8359 69.8929 157.212 137.838 
91.6398 70.5717 152.783 138.293 
95.6935 69.9165 152.9 139.919 
97.1944 69.0499 155.931 142.794 
100.515 68.296 155.151 143.181 
104.414 69.8391 158.735 144.095 
107.866 70.4259 162.807 147.843 
110.456 69.9585 163.05 148.149 
112.488 68.8729 162.04 144.489 
112.943 66.7825 164.404 146.307 
113.207 65.7145 161.253 146.955 
111.847 64.9178 161.454 144.697 
112.578 66.5995 163.529 146.766 
114.009 68.5764 167.323 145.355 
116.608 69.4289 169.961 143.083 
120.284 70.3047 170.188 140.299 


----------------------------------------------------------------
153.743 secs
0
1
2
3
4
5
6
7
8
9
10
11
12
13
14
15
16
17
18
19
----------------------------------------------------------------
Best Fitness: 906540
Worst Fitness: 944790
----------------------------------------------------------------
P_h: 
98.5 49 0 276.85 
83.568 68.048 19.4747 223.423 
88.5388 50.0271 53.3622 233.358 
58.4153 53.2123 13.7022 233.237 
66.0852 71.8701 13.045 265.432 
68.8128 55.3802 7.92197 240.699 
80.1382 53.1932 16.4774 278.124 
76.0646 70.2378 43.6948 287.077 
76.3066 69.2379 0 260.501 
72.6265 50.325 33.5564 263.098 
86.4685 75.8979 17.4843 327.923 
74.3281 68.8654 38.7094 296.037 
81.4978 49.7692 47.4264 312.993 
83.244 73.6042 27.6183 297.441 
61.6758 61.1198 28.1298 307.466 
61.9911 64.1034 49.9157 283.073 
71.4696 78.8436 51.6878 290.337 
84.1547 74.3776 14.5154 269.39 
76.4926 68.4531 49.6217 316.015 
62.0504 40.5872 51.8099 294.214 
84.5925 45.5242 53.6851 312.913 
96.8634 44.306 56.141 309.878 
88.2672 68.167 56.2176 282.683 
61.9785 56.2138 58.5379 242.217 
----------------------------------------------------------------
Best: 
15 6 30 25 945.65 
9.53156 9.23806 23.7595 16.6484 995.486 
10.9352 6 16.0169 15.3362 934.714 
5.76116 6.22812 24.3809 14.067 931.433 
6.79188 9.45108 24.4024 18.9235 873.568 
7.18747 6.63068 24.5886 14.067 1037.19 
9.12696 6.3401 22.8883 17.9692 1222.07 
8.34982 9.42518 17.1335 18.333 1522.93 
8.29469 9.40571 25.5074 14.067 1833.95 
7.5508 6 18.7444 14.067 1900.39 
9.83582 10.6377 21.7298 23.0775 1722.23 
7.63091 9.32784 17.1544 17.4884 1832.06 
8.66699 6 14.0275 19.6159 1738.31 
8.83325 10.2002 20.5524 17.4588 1718.09 
5.76116 7.70977 20.4928 19.6522 1671.61 
5.76116 8.23677 12.9145 15.8094 1610.92 
6.87965 12.2673 12.1732 16.2294 1637.66 
8.6618 12.3441 23.0312 14.067 1697.56 
7.55343 11.6536 13.7077 21.408 1729.42 
5.76116 6 13.9654 17.178 1831.34 
8.7781 6.47144 10.3364 21.1245 1743.29 
11.3032 6 10.9456 22.4386 1612.81 
9.52153 10.591 10.3364 19.027 1354.67 
5.76116 8.18549 14.4977 14.107 1171.05 


Volume: 
100 80 170 120 
99.4684 78.7619 154.441 105.752 
96.5332 81.7619 157.424 122.015 
97.7721 84.5338 150.574 131.708 
96.9802 83.0827 149.345 128.801 
96.7927 83.4521 140.518 139.115 
95.6658 83.112 133.649 145.548 
96.316 80.6868 135.155 151.804 
98.0213 79.2811 126.405 160.625 
101.47 82.2811 123.35 163.692 
103.635 80.6434 120.34 166.122 
106.004 79.3155 122.142 167.378 
108.337 81.3155 127.951 169.492 
111.503 80.1153 128.667 169.187 
116.742 81.4055 129.169 163.562 
120.981 81.1688 133.088 168.305 
123.102 75.9014 138.876 172.569 
122.44 69.5574 131.316 171.416 
121.886 64.9037 133.724 162.182 
122.125 66.9037 141.688 168.035 
120.347 69.4323 153.249 160.618 
117.044 72.4323 161.718 152.145 
116.522 69.8413 167.16 143.454 
120.761 69.6558 170.437 140.293 

100 80 170 120 
100.593 79.7171 149.303 103.11 
100.85 78.2482 145.151 117.845 
100.209 79.5685 149.163 127.493 
94.8511 77.6721 142.564 132.528 
93.2343 72.9631 136.445 137.099 
92.6051 71.1583 141.14 144.319 
93.7416 66.4121 144.085 154.589 
94.1914 66.0836 147.983 151.054 
97.7733 67.3385 145.507 151.817 
100.432 68.9171 151.496 151.427 
102.682 66.9606 153.295 151.903 
106.375 65.8345 156.904 148.395 
109.996 67.2061 154.97 144.541 
110.888 69.1031 155.068 144.919 
114.124 68.7145 156.694 148.546 
114.906 68.429 159.433 151.81 
115.169 64.2898 158.746 151.18 
114.299 64.2812 161.576 149.701 
112.689 64.9687 161.023 149.421 
113.148 66.8902 167.238 147.617 
114.742 68.8738 168.864 145.981 
116.814 69.4781 170.333 143.477 
120.692 70.271 170.363 140.201 


----------------------------------------------------------------
148.895 secs
0
1
2
3
4
5
6
7
8
9
10
11
12
13
14
15
16
17
18
19
----------------------------------------------------------------
Best Fitness: 909890
Worst Fitness: 944278
----------------------------------------------------------------
P_h: 
98.5 49 0 211.33 
63.0972 50.164 0 206.911 
63.4843 65.5924 0 227.311 
85.568 52.2127 43.0408 266.444 
93.8289 77.3318 1.65748 270.207 
73.1269 59.038 50.973 257.097 
61.2306 61.4953 25.2469 258.84 
89.9164 73.9187 53.213 281.819 
61.4787 66.0317 32.7415 298.56 
64.5766 48.4745 50.4994 277.079 
80.2363 50.2298 45.7688 299.165 
64.1459 59.7855 53.8011 255.384 
64.906 77.4242 53.3167 306.912 
65.566 75.8294 0 252.005 
69.4808 72.482 53.4358 253.281 
90.299 68.5856 44.5094 316.486 
66.0003 72.6324 55.4326 264.381 
75.8849 44.6079 54.0125 294.671 
66.0287 42.2821 36.4908 252.277 
103.537 61.811 44.957 291.495 
82.3801 43.2836 50.3828 291.328 
83.3791 57.0124 56.2145 295.152 
66.4143 64.2088 52.1441 288.016 
96.6701 59.4686 57.4977 273.72 
----------------------------------------------------------------
Best: 
15 6 30 13 1011.17 
6.19819 6 26.359 13.9791 1069.83 
6.19819 8.33739 28.5678 14.0797 1003.61 
9.77331 6 17.7625 18.0622 842.735 
13.1836 10.6104 24.7248 16.7966 846.975 
8.01439 7.24265 13.5527 14.8417 969.765 
6.19819 7.81263 21.747 13.9791 1243.19 
11.9175 10.6973 10.8877 16.993 1501.13 
6.19819 9.18496 20.5899 18.9644 1781.19 
6.44765 6 15.8925 16.7669 1879.37 
8.6389 6 17.7675 19.9321 1754.6 
6.19819 7.3658 14.3388 13.9791 1876.88 
6.19819 11.1753 15.3948 21.9055 1727.44 
6.19819 11.1399 26.7401 13.9791 1806.6 
6.6324 10.5958 12.8829 13.9791 1681.32 
9.66634 10.0367 18.1483 22.5834 1550.12 
6.19819 11.9803 11.736 14.9846 1671.55 
7.41949 6.44235 16.1442 19.075 1670.82 
6.19819 6 20.9591 13.9791 1842.92 
13.0211 9.50288 19.0925 19.5205 1778.2 
8.46123 6 17.1441 19.1797 1772.63 
8.63357 8.06179 10.4019 19.9881 1628.24 
6.2758 9.65481 17.7085 19.1406 1379.22 
11.0831 8.82615 10.7092 18.2125 1102.64 


Volume: 
100 80 170 120 
102.802 82 151.841 108.421 
104.604 82.6626 142.273 125.941 
101.83 85.6626 138.709 134.238 
94.6467 83.0522 129.182 146.009 
93.6323 82.8095 137.74 148.93 
95.4341 80.9969 138.177 159.676 
92.5166 77.2996 147.914 156.235 
96.3184 76.1146 141.765 159.018 
100.871 79.1146 146.603 153.139 
104.232 82.1146 146.731 153.797 
108.034 82.7489 150.025 155.71 
112.835 79.5735 153.269 151.572 
118.637 77.4336 141.727 151.932 
123.005 75.8378 145.408 153.348 
123.339 73.8011 146.633 157.504 
126.14 68.8209 154.669 155.403 
126.721 68.3785 160.787 154.476 
127.523 69.3785 157.063 152.233 
120.502 67.8756 158.37 148.857 
119.04 70.8756 155.867 150.636 
118.407 71.8138 166.486 149.74 
121.131 70.159 167.741 147.744 
120.048 69.3329 171.666 139.933 

100 80 170 120 
97.833 79.9714 162.061 106.177 
98.8817 79.7943 157.005 122.492 
97.9388 79.3798 156.665 123.389 
96.7842 76.0816 155.64 127.063 
92.1227 71.6191 160.497 129.215 
93.6104 67.9904 155.369 131.793 
96.1186 67.3508 155.229 131.341 
96.6963 64.9422 152.368 137.687 
97.804 66.5324 149.968 144.899 
97.6474 67.8199 138.094 147.681 
96.5705 67.6554 130.458 146.974 
101.079 67.2426 130.276 160.528 
103.459 68.312 138.167 172.915 
107.122 68.9927 143.182 178.405 
110.245 69.5828 151.172 174.472 
111.749 69.1729 151.272 164.418 
113.258 66.4374 154.715 156.893 
113.766 65.7618 155.826 155.789 
113.203 66.3519 155.883 153.366 
113.712 67.113 161.396 150.333 
115.22 68.7031 165.034 148.937 
117.728 69.2932 167.539 144.189 
120.771 69.8834 170.053 140.007 


----------------------------------------------------------------
147.801 secs
0
1
2
3
4
5
6
7
8
9
10
11
12
13
14
15
16
17
18
19
----------------------------------------------------------------
Best Fitness: 906811
Worst Fitness: 952610
----------------------------------------------------------------
P_h: 
98.5 88.6 0 276.85 
83.9362 77.6086 24.6716 221.465 
77.6338 59.4082 0 264.607 
81.3986 71.407 30.129 239.836 
73.6401 70.003 21.2247 260.459 
87.2989 48.3831 39.3121 257.387 
69.1059 57.3013 33.8015 267.387 
74.8663 53.5953 52.8703 267.182 
63.0088 62.6146 12.7865 262.042 
64.2771 55.1201 53.7347 286.095 
65.5906 51.7329 38.0463 302.463 
90.2893 60.3618 55.3375 275.073 
82.2834 54.6094 25.8541 283.666 
86.5851 59.6358 33.8175 306.773 
67.0962 56.7194 40.3033 279.949 
76.2851 59.1845 53.668 299.35 
97.1362 54.5874 56.3617 296.692 
73.6776 57.4307 56.384 277.511 
67.2206 58.7457 58.6999 272.064 
67.1568 64.9931 57.2635 283.172 
77.5252 50.79 48.7522 291.652 
67.2452 48.0556 58.7088 268.15 
69.675 68.1562 59.1956 260.836 
67.8823 68.8119 54.6097 267.442 
----------------------------------------------------------------
Best: 
15 15 30 25 906.05 
9.61179 11.8532 22.9882 16.2858 982.319 
8.46994 7.84983 28.2296 22.7722 958.351 
9.30399 10.3287 21.7615 16.2512 867.229 
8.04479 10.3879 23.2742 17.4575 864.673 
11.4151 6.43187 19.9774 16.1971 977.619 
7.54328 8.08196 21.1626 16.6019 1222.4 
8.46994 7.51303 16.5364 16.0768 1551.49 
6.46349 9.31515 24.479 14.7662 1839.55 
6.46349 7.77849 14.9865 17.9266 1860.77 
6.46349 7.01057 19.915 19.6841 1772.17 
10.6477 8.5229 12.3816 16.0172 1828.94 
8.89721 7.46945 22.3893 16.7063 1783.59 
9.5612 8.23544 20.8987 22.0423 1713.19 
6.46349 7.58021 19.5403 16.7093 1685.93 
7.64003 7.99284 15.1868 19.2009 1581.51 
11.6831 7.26191 12.1644 18.6609 1625.22 
7.32096 7.94287 14.4712 16.2261 1675 
6.46349 8.33178 12.7486 16.0014 1783.27 
6.46349 9.79716 15.3552 17.9046 1807.41 
7.89101 6.97831 18.7027 20.7776 1771.28 
6.46349 6.30032 13.9076 17.2336 1677.84 
6.73349 10.0715 14.4822 15.884 1392.14 
6.46349 10.6643 16.9715 17.2056 1131.25 


Volume: 
100 80 170 120 
99.3882 76.1468 155.212 106.114 
98.9183 77.297 145.982 114.942 
96.6143 75.9683 150.832 121.679 
94.5695 73.5804 150.881 132.451 
90.1544 74.1485 152.058 138.016 
90.6111 72.0666 152.269 144.688 
91.1412 71.5535 159.535 148.588 
94.6777 70.2384 150.031 154.985 
99.2142 71.4599 152.597 153.595 
104.751 73.4493 147.658 158.39 
104.103 72.9264 153.055 157.359 
106.206 73.457 148.908 160.568 
108.645 74.2215 148.668 150.907 
113.181 75.6413 149.547 156.587 
115.541 75.6485 153.391 158.285 
112.858 75.3866 157.926 159.164 
113.537 73.4437 160.675 158.125 
114.074 72.1119 168.602 154.288 
113.61 70.3148 168.83 150.854 
112.719 72.3364 166.533 142.825 
114.256 75.0361 169.421 140.947 
116.522 72.9646 173.627 143.766 
120.059 70.3003 170.097 140.468 

100 80 170 120 
99.92 77.3949 158.028 105.579 
101.051 76.5164 155.813 118.603 
101.453 75.8543 156.5 122.392 
100.81 74.7029 152.64 126.723 
97.9335 71.6379 151.01 133.812 
96.6614 68.4952 147.362 141.511 
96.3218 68.0328 146.287 146.399 
98.2618 68.3843 149.663 148.571 
101.276 68.4894 152.255 152.953 
104.135 66.8503 149.989 149.208 
105.594 65.1215 146.846 149.859 
107.27 63.1194 145.779 150.07 
111.388 64.6115 152.346 150.359 
114.29 65.5975 153.859 156.552 
115.172 65.6011 156.554 152.231 
114.713 65.3257 157.809 155.488 
113.301 63.6688 161.394 154.373 
113.204 63.7967 161.04 152.307 
111.162 62.9506 163.668 148.967 
111.424 65.2636 166.141 152.077 
112.554 67.6415 171.379 149.243 
115.9 69.0929 171.837 144.854 
120.338 70.2526 170.047 140.728 


----------------------------------------------------------------
146.934 secs
0
1
2
3
4
5
6
7
8
9
10
11
12
13
14
15
16
17
18
19
----------------------------------------------------------------
Best Fitness: 904992
Worst Fitness: 948207
----------------------------------------------------------------
P_h: 
98.5 88.6 0 276.85 
79.3721 63.3368 16.3492 221.406 
74.6696 66.2579 18.6684 239.541 
70.441 61.0196 18.5174 258.725 
74.1175 63.1057 39.2851 258.333 
67.6371 60.192 53.4589 260.003 
80.9201 65.0274 40.554 264.868 
83.1953 62.972 42.1952 263.492 
66.1714 63.0464 26.2371 276.167 
73.1622 61.6285 47.078 277.83 
77.2315 66.2215 42.9168 283.812 
71.8974 63.0696 33.4483 300.991 
88.8691 63.5099 46.0346 284.87 
71.3089 62.9478 54.6025 279.839 
92.8414 63.9302 49.6423 290.913 
71.1813 59.6976 55.924 286.627 
80.7064 59.2584 57.4141 283.931 
79.9945 60.3654 27.4819 290.082 
85.1249 53.2074 57.5075 269.548 
71.8143 58.6748 57.5713 284.801 
85.8009 55.6902 51.9512 278.204 
70.8414 52.6638 56.6923 266.227 
78.1761 56.3849 48.3884 276.973 
72.6711 56.8622 58.2565 259.28 
----------------------------------------------------------------
Best: 
15 15 30 25 906.05 
8.69368 8.25717 24.1984 16.2752 1009.54 
7.91017 8.75128 23.5804 16.2413 960.863 
7.28424 7.70516 23.723 18.0308 881.297 
7.92911 8.05949 19.8745 16.8463 855.159 
6.95906 7.63919 15.6142 15.9885 968.709 
9.18056 8.78254 19.8344 16.1246 1198.63 
9.68919 8.59679 19.25 16.0005 1548.15 
6.70226 8.69496 22.2144 17.3304 1808.38 
7.5662 8.36165 17.5953 17.2855 1860.3 
8.03153 9.25004 18.6254 17.4551 1759.82 
7.16582 8.74318 20.6537 20.6834 1840.59 
9.88269 8.94629 17.7216 17.936 1746.72 
6.95236 8.81635 14.1486 16.739 1731.3 
10.4085 9.00317 17.4881 18.3288 1632.67 
6.87963 8.25643 14.6976 18.3203 1596.57 
8.17436 8.33953 14.7292 18.0022 1648.69 
8.07093 8.92387 22.8853 19.8563 1682.08 
8.91026 7.72639 14.1657 17.0642 1774.61 
6.99232 8.81218 14.7724 18.638 1807.14 
9.12232 8.152 17.8973 18.2993 1768.35 
6.88199 7.45233 15.8927 16.8973 1673.58 
7.86235 8.09451 19.0628 18.5833 1390.08 
7.05997 8.2038 14.7254 16.1034 1142.93 


Volume: 
100 80 170 120 
100.306 79.7428 154.002 106.125 
100.396 79.9915 149.421 121.483 
100.112 81.2864 151.392 127.651 
98.1828 81.2269 150.685 134.385 
98.2237 80.5877 155.106 142.12 
97.0432 77.8052 153.906 145.87 
96.354 76.2084 151.674 145.483 
99.6517 75.5134 147.28 147.987 
103.086 76.1518 149.156 149.952 
107.054 75.9017 146.83 154.711 
109.888 75.1585 144.437 151.623 
111.006 74.2123 147.109 152.312 
116.053 74.3959 152.376 156.227 
116.645 74.3927 156.514 155.62 
119.765 74.1363 159.715 151.448 
120.591 72.7968 166.211 150.934 
120.52 69.8729 161.208 145.776 
118.609 69.1465 164.473 143.441 
117.617 68.3343 167.111 147.688 
115.495 69.1823 169.048 143.554 
116.613 70.73 169.874 141.429 
117.75 70.6355 169.746 140.743 
120.691 70.4317 170.055 140.533 

100 80 170 120 
101.081 76.9806 159.753 105.617 
100.221 75.4702 156.408 119.261 
99.4198 76.8221 155.661 119.807 
98.3612 75.8744 157.933 124.117 
96.225 74.6834 156.596 129.489 
94.4479 68.7686 152.64 129.469 
93.4958 66.6937 148.095 136.342 
95.3943 66.4459 143.338 140.679 
97.3942 67.5299 146.334 147.502 
101.624 68.3479 148.536 153.317 
104.034 67.3767 146.598 153.018 
105.36 68.1551 150.233 150.313 
110.331 66.7881 151.047 153.55 
114.504 67.8628 154.473 149.152 
117.13 67.1916 155.566 150.431 
117.78 66.8987 156.964 150.901 
115.417 65.2605 156.801 149.609 
115.169 64.3509 160.458 149.164 
114.024 64.9535 164.23 149.689 
113.884 66.5785 165.971 146.446 
114.427 68.369 169.182 144.639 
116.639 69.3851 169.987 143.267 
120.289 70.1157 170.149 140.699 


----------------------------------------------------------------
146.141 secs
0
1
2
3
4
5
6
7
8
9
10
11
12
13
14
15
16
17
18
19
----------------------------------------------------------------
Best Fitness: 908745
Worst Fitness: 940401
----------------------------------------------------------------
P_h: 
98.5 88.6 0 276.85 
91.7264 65.3769 0 233.343 
87.6667 74.9921 0 236.274 
88.7749 82.0647 44.8714 259.77 
71.675 70.11 0 281.84 
65.4445 50.8438 0 267.483 
65.6923 49.8199 4.99258 285.484 
76.1336 52.2923 18.7626 315.553 
76.3619 50.427 0 287.532 
67.3497 50.0723 20.2687 298.762 
69.0788 52.3609 40.9112 295.536 
79.7661 51.2564 31.813 339.042 
70.3944 51.5641 49.7172 307.161 
71.5845 59.9687 51.7197 297.705 
72.2609 61.1108 42.8855 286.495 
72.644 51.6953 52.7442 290.799 
72.9247 51.3664 53.5412 294.922 
73.0421 50.3097 55.3173 279.315 
73.1449 49.8884 55.9751 277.024 
72.8416 50.2527 56.6094 273.691 
72.8142 51.3043 57.4371 270.382 
72.9366 52.3493 58.0888 267.003 
73.1883 52.698 58.6668 263.555 
73.5233 53.0358 59.0026 260.515 
----------------------------------------------------------------
Best: 
15 15 30 25 906.05 
11.7997 8.6664 29.9962 18.8359 999.554 
10.9652 10.9392 26.8066 16.1908 961.067 
12.1296 15 18.4426 17.5224 814.519 
8.20809 11.4519 27.3068 19.8676 866.375 
7.2052 7.53614 26.5363 17.3626 1026.23 
7.19586 7.5518 25.3865 18.677 1244.01 
8.9863 8.12264 23.2771 25 1537.26 
8.94209 7.76531 27.6928 17.6017 1825.68 
7.18022 7.52261 21.8917 18.5346 1883.55 
7.20929 7.75854 17.3346 16.7973 1772.11 
8.88243 7.51434 19.4878 25 1808.12 
7.20106 7.50778 12.9426 18.893 1751.16 
7.20778 9.01855 12.9156 17.3383 1719.02 
7.19489 9.28688 17.8497 16.3253 1667.25 
7.18022 7.50778 12.9156 17.3658 1602.12 
7.18022 7.51313 13.7788 17.9291 1657.25 
7.18022 7.51707 12.9156 16.3224 1682.02 
7.19778 7.50778 12.9156 16.3339 1783.97 
7.18022 7.50965 12.9156 16.3224 1826.6 
7.18022 7.50778 12.9156 16.3224 1788.06 
7.18022 7.50778 13.3753 16.3224 1669.62 
7.18022 7.50925 12.9156 16.3224 1401.89 
7.18022 7.50925 12.9156 16.3224 1143.92 


Volume: 
100 80 170 120 
97.2003 79.3336 148.204 103.564 
94.2351 77.3944 140.397 118.973 
89.1054 71.3944 150.754 131.447 
86.8973 67.9425 146.079 138.386 
86.6921 67.4064 146.612 139.466 
87.4963 65.8546 147.433 148.096 
87.51 64.7319 144.813 149.632 
88.5679 64.9666 132.852 157.417 
92.3877 66.444 128.499 162.16 
97.1784 67.6855 129.229 173.055 
98.296 68.1711 126.687 169.947 
102.095 68.6633 132.476 168.388 
106.887 68.6448 139.201 170.538 
110.692 68.3579 139.067 167.155 
113.512 68.8501 142.867 162.705 
115.332 68.337 147.302 162.626 
116.152 66.8199 152.853 159.219 
115.954 66.3121 155.625 156.664 
114.774 66.8025 158.403 153.257 
114.593 68.2947 162.202 149.85 
115.413 69.7869 165.515 146.443 
117.233 70.2777 168.289 143.037 
120.053 70.7684 170.062 140.089 

100 80 170 120 
98.3125 77.3846 158.492 105.257 
98.2658 77.3523 151.137 119.261 
94.9616 76.495 155.292 121.035 
91.5734 75.8167 152.202 126.605 
91.5205 73.4951 152.856 133.313 
88.9026 70.2707 158.293 139.368 
89.758 67.2408 161.73 143.68 
91.9841 67.5212 162.734 143.855 
95.2609 67.9372 160.799 140.696 
97.6694 67.8463 161.359 143.177 
98.29 66.839 157.098 147.556 
102.456 66.5264 157.983 145.787 
106.578 67.6478 162.576 149.498 
108.557 68.9593 164.681 153.113 
111.368 67.8026 161.853 151.13 
112.623 67.2991 162.241 148.83 
113.561 65.0646 163.447 151.139 
112.884 64.2716 165.744 151.88 
110.728 64.0471 164.81 150.034 
111.776 65.843 166.679 147.889 
113.945 67.6366 172.038 146.218 
117.158 68.8564 171.313 145.538 
120.618 70.2874 170.263 139.805 


----------------------------------------------------------------
165.999 secs
0
1
2
3
4
5
6
7
8
9
10
11
12
13
14
15
16
17
18
19
----------------------------------------------------------------
Best Fitness: 905507
Worst Fitness: 939254
----------------------------------------------------------------
P_h: 
98.5 88.6 0 276.85 
86.5201 57.8809 0 219.764 
62.438 80.3036 28.2551 252.896 
67.7283 57.0292 0 249.371 
88.7835 57.4706 53.2727 267.792 
79.7216 70.3071 27.3084 268.408 
69.5939 72.8386 0 266.647 
69.7285 54.6241 53.9259 271.183 
92.5948 54.1182 54.693 283.302 
89.0179 62.9343 23.6199 296.294 
73.0278 60.5825 55.6241 276.43 
62.2169 54.1968 57.2164 302.739 
71.8539 63.6842 42.4991 304.977 
64.1854 53.9851 32.2143 269.079 
74.9066 54.8287 47.5118 271.365 
74.4687 52.8949 30.8725 280.274 
75.4675 51.992 56.5383 279.484 
75.5817 72.3145 56.9835 287.319 
65.3529 46.3747 48.8761 326.813 
65.336 50.7928 56.7845 304.181 
65.4113 50.5533 58.0136 295.741 
75.5192 50.7371 58.397 267.567 
94.7922 53.1188 58.5309 264.005 
72.4449 51.2277 58.6748 286.488 
----------------------------------------------------------------
Best: 
15 15 30 25 906.05 
10.2155 7.25353 28.7237 15.9837 1025.83 
6.17895 12.4 21.8149 18.7345 936.107 
6.8768 7.28087 30 15.9837 915.872 
11.1096 7.28087 13.8366 17.9935 822.681 
9.21357 9.9595 22.0552 16.087 964.255 
7.43748 11.4995 27.5992 16.1514 1240.92 
7.37793 7.80401 12.7636 15.9837 1550.54 
13.1078 7.68124 13.8294 16.1788 1755.29 
11.7299 9.34203 22.7634 18.6137 1848.13 
7.87366 8.86129 14.21 16.2623 1764.34 
6.17895 7.68109 14.3202 19.4739 1833.63 
7.36512 9.67949 20.1895 21.1714 1746.99 
6.17895 7.68808 22.0288 15.9837 1780.54 
7.51412 7.67757 18.5341 15.753 1681.39 
7.39231 7.28087 21.9784 16.1736 1631.49 
7.49961 7.15292 13.888 15.7919 1666.52 
7.50568 12.6241 14.21 16.1105 1647.8 
6.17895 6.98819 18.0905 25 1752.58 
6.17895 7.67496 14.21 21.2022 1802.91 
6.17895 7.4482 14.4527 20.0048 1770.28 
7.46089 7.28087 14.21 16.1678 1667.78 
10.7905 7.63094 14.21 15.903 1379.55 
7.03403 7.23389 14.21 20.2267 1121.16 


Volume: 
100 80 170 120 
98.7845 80.7465 149.476 106.416 
100.606 77.3464 146.661 119.282 
100.729 79.0656 143.877 132.022 
95.6192 79.7847 146.473 135.843 
93.4056 76.8252 147.694 149.756 
93.9681 71.3257 141.486 147.441 
95.5902 70.5217 147.217 153.513 
92.4824 70.8405 151.784 164.933 
91.7525 70.4984 148.898 159.083 
95.8788 70.6372 156.6 156.65 
99.6999 70.9561 163.691 159.94 
103.335 69.2766 164.717 152.978 
109.156 70.5885 160.729 151.315 
112.642 71.9109 160.241 155.751 
115.249 72.63 156.121 161.606 
116.75 72.4771 159.435 164.349 
117.244 65.8531 162.295 170.216 
118.065 65.8649 159.985 159.104 
117.886 66.1899 161.434 152.112 
118.707 67.7417 167.784 150.198 
119.246 69.4609 168.741 148.24 
117.456 69.8299 169.385 146.79 
120.422 70.596 170.084 140.773 

100 80 170 120 
98.7376 77.3055 154.912 107.159 
100.414 77.9627 156.797 123.692 
96.0353 78.2353 157.81 129.754 
95.7114 77.7207 150.802 130.603 
93.0507 76.2552 147.947 132.786 
94.7268 72.9392 140.926 141.296 
94.6104 70.002 137.253 152.805 
98.2866 68.6437 139.496 161.957 
102.963 68.139 131.009 164.294 
101.623 69.9445 132.568 159.266 
101.525 70.75 132.835 172.118 
106.201 69.0991 144.464 167.61 
111.877 68.92 149.733 169.959 
116.553 69.2976 141.721 170.044 
120.229 66.9922 140.974 170.001 
117.369 65.278 144.112 174.278 
116.311 64.0835 146.599 177.933 
113.976 63.889 156.214 167.298 
111.899 64.6945 160.631 159.794 
112.575 66.5 164.861 158.277 
114.252 68.3055 169.536 152.659 
116.928 69.111 169.876 151.884 
120.604 69.9165 170.137 139.954 


----------------------------------------------------------------
174.974 secs
0
1
2
3
4
5
6
7
8
9
10
11
12
13
14
15
16
17
18
19
----------------------------------------------------------------
Best Fitness: 907501
Worst Fitness: 945608
----------------------------------------------------------------
P_h: 
98.5 88.6 0 276.85 
93.4398 56.7807 9.59736 222.84 
72.9745 55.2217 53.5774 247.45 
74.8797 56.1586 20.7685 254.393 
73.9199 58.7885 49.0768 259.296 
83.6946 77.9563 37.9102 250.409 
70.6649 61.2558 48.5408 257.234 
82.8446 76.6531 54.7451 263.922 
70.9109 68.5132 0 261.801 
83.2283 57.4087 25.6662 257.749 
72.042 68.5146 48.7779 294.951 
66.3266 75.6049 51.2592 299.026 
72.0259 53.8859 28.5108 265.487 
74.6488 57.9249 15.8738 281.408 
82.5585 62.6669 57.1509 270.168 
74.1396 58.2227 42.6365 287.214 
84.383 61.2853 41.5725 287.09 
75.1853 63.4919 53.1628 274.003 
74.7948 46.3203 56.6314 291.596 
64.7262 47.5103 55.2568 308.6 
66.4071 48.917 58.8715 304.259 
66.5633 48.3501 58.9119 271.865 
64.095 64.7287 59.0712 258.699 
67.2898 61.7086 58.7306 279.429 
----------------------------------------------------------------
Best: 
15 15 30 25 906.05 
12.5731 7.06438 25.0937 16.5386 1007.34 
7.82775 6.61871 15.743 17.7213 930.777 
8.20307 6.55434 23.9928 17.3989 883.8 
8.1707 6.84915 18.1808 18.7632 848.918 
10.4407 10.7359 20.8439 16.0759 960.03 
7.83189 7.7277 18.1271 16.7946 1212.3 
10.3656 11.4243 15.9928 17.1741 1521.84 
7.82223 9.81118 27.1962 16.6655 1838.77 
10.1235 7.58924 22.5843 16.1525 1895.95 
7.71547 9.71168 17.5406 20.9604 1745.71 
6.74034 12.2205 17.1419 21.5777 1817.78 
7.41092 7.48826 22.3798 16.0033 1810.09 
7.63916 8.06323 24.1032 18.3479 1770.14 
8.80437 8.91405 12.9466 15.956 1657.46 
7.42476 8.11898 19.6806 17.2911 1607.79 
9.01246 8.92145 19.8599 17.9383 1655.67 
7.56166 9.96734 16.3688 15.7742 1674.16 
7.51977 6.80676 14.7088 17.7475 1770.66 
6.19759 6.86907 15.9481 21.3345 1803.91 
6.39475 6.85943 13.779 22.2133 1761.55 
6.38558 6.52206 14.0829 16.8645 1674.31 
6.04373 9.54545 13.9067 15.4125 1403.41 
6.38784 9.09483 14.1887 19.0132 1122.84 


Volume: 
100 80 170 120 
96.4269 80.9356 153.106 105.861 
96.5991 83.3169 156.363 119.74 
95.3961 85.7626 161.944 127.435 
93.2254 86.9134 161.655 124.415 
89.7847 83.1775 159.633 132.332 
89.9528 81.4498 159.231 133.718 
88.5872 77.0256 162.528 137.388 
90.765 75.2144 154.899 138.849 
91.6415 76.6252 151.408 138.689 
95.926 75.9135 154.114 144.925 
99.1857 71.693 158.907 145.932 
102.775 72.2047 155.832 147.469 
107.136 73.1415 151.181 146.263 
109.331 73.2274 160.866 152.687 
111.906 73.1085 158.312 159.499 
111.894 71.187 157.32 154.507 
112.332 67.2197 159.29 158.414 
111.813 67.4129 162.713 160.526 
111.615 68.5438 164.248 155.56 
112.22 70.6844 169.956 148.056 
113.835 73.1623 170.877 147.139 
116.791 71.6169 171.235 145.506 
120.403 70.5221 170.291 140.575 

100 80 170 120 
103.602 80.1494 153.069 108.439 
106.205 82.7249 157.962 118.4 
107.807 85.1584 145.852 129.57 
106.091 83.2419 142.792 122.719 
101.274 84.059 139.552 134.265 
103.876 84.059 140.843 138.546 
107.479 84.2822 142.226 143.648 
105.454 86.2822 138.692 145.211 
105.942 89.2822 132.611 153.602 
110.993 92.2822 132.612 149.927 
114.682 90.796 134.848 154.445 
117.544 92.3245 132.982 160.284 
120.134 94.031 125.272 158.752 
124.021 94.8475 132.225 158.599 
128.037 90.4556 137.489 158.54 
130.674 88.6962 132.791 158.251 
133.277 84.2335 130.661 150.811 
128.407 78.5184 140.009 153.864 
126.852 75.3167 143.282 154.214 
125.424 74.6245 150.427 145.256 
122.82 71.5651 156.124 143.179 
120.307 71.3997 164.755 139.324 
120.398 69.7726 170.331 140.502 


----------------------------------------------------------------
189.193 secs
0
1
2
3
4
5
6
7
8
9
10
11
12
13
14
15
16
17
18
19
----------------------------------------------------------------
Best Fitness: 906631
Worst Fitness: 945683
----------------------------------------------------------------
P_h: 
98.5 88.6 0 276.85 
60.2525 72.9892 19.6254 221.246 
70.7723 59.4047 0 247.029 
72.1263 78.3794 44.211 241.732 
75.1913 52.4857 49.272 261.905 
86.0303 73.5116 42.3268 260.483 
92.6969 71.661 56.35 285.385 
85.0797 52.4283 0.818029 272.378 
67.8766 58.2748 16.3907 270.43 
71.405 45.0293 26.6669 271.537 
79.1731 57.3272 18.2094 274.972 
78.069 55.7401 51.0187 314.259 
75.4072 47.3493 49.7519 307.995 
73.3015 58.4447 25.0656 288.498 
80.069 52.5708 49.7003 295.385 
80.6825 51.6181 53.5278 288.238 
87.7415 55.7597 43.404 317.417 
70.5521 44.5219 46.7802 302.991 
71.6662 47.951 53.1197 296.933 
70.6466 45.124 56.5977 282.517 
67.7136 55.5705 57.4195 284.197 
75.7822 50.6529 57.9161 261.12 
81.594 47.8824 58.4894 278.977 
73.0178 48.7522 59.1182 279.754 
----------------------------------------------------------------
Best: 
15 15 30 25 906.05 
5.83444 10.4414 23.7378 16.2463 1015.89 
7.1878 7.68337 29.2013 17.5702 982.794 
7.39553 12.1693 18.4344 15.5022 853.551 
7.93527 6.78297 17.1458 16.343 851.146 
10.1271 11.4535 19.2425 15.825 947.649 
12.8413 12.3304 14.4878 19.9559 1143.91 
10.5214 8.10715 26.2349 17.5617 1589.3 
7.13061 9.44129 24.2127 17.7942 1827.03 
7.49355 6.78297 22.6767 16.561 1905.36 
8.57065 8.89593 23.5747 16.0082 1800.32 
8.30469 8.69022 16.2592 21.9471 1810.91 
7.75981 7.11635 17.0778 20.0682 1749.5 
7.31601 9.10206 22.6399 17.3368 1754.69 
8.22799 7.86161 17.0887 18.4794 1652.28 
8.2745 7.65679 15.4042 16.7762 1595.93 
9.4605 8.6007 19.1585 22.2195 1625.68 
6.84193 6.78297 18.2012 20.42 1675.15 
6.98648 7.37793 15.9881 19.4282 1770.33 
6.86833 6.78297 13.6419 17.1695 1825.12 
6.48784 8.4871 12.544 17.6121 1775.1 
7.5405 7.43195 11.8139 14.8989 1674.53 
8.37727 6.86053 13.4782 17.8087 1383.06 
7.10888 6.87603 12.9463 19.1621 1129.36 


Volume: 
100 80 170 120 
103.166 77.5586 154.462 106.154 
103.978 78.8752 144.261 120.184 
103.582 75.7059 148.661 128.419 
101.647 76.9229 152.144 141.277 
98.5198 72.4695 151.981 143.887 
93.6786 66.139 160.597 141.077 
92.1572 65.0319 153.273 142.758 
95.0266 63.5906 154.355 139.451 
98.533 65.8076 155.53 149.125 
101.962 65.9117 148.193 157.33 
103.658 65.2215 150.868 158.059 
106.898 66.1051 153.144 161.566 
111.582 66.0031 150.705 160.488 
114.354 67.1415 153.066 159.087 
116.079 67.4847 154.094 164.95 
115.619 65.884 154.266 159.819 
116.777 65.101 154.201 154.804 
116.79 64.7231 156.33 154.534 
115.922 65.9401 159.131 155.566 
116.434 66.453 162.356 153.942 
116.894 68.021 166.789 152.685 
117.517 69.1605 167.581 147.42 
120.408 70.2845 170.663 140.072 

100 80 170 120 
96.172 77.0078 151.383 104.29 
93.4457 76.893 143.936 119.339 
92.9785 74.991 141.268 129.93 
88.0228 75.2194 136.839 139.71 
89.3579 73.6692 130.265 147.154 
87.4164 70.9569 130.209 160.148 
86.9765 70.6748 132.347 169.211 
83.6536 69.5008 126.477 178.696 
84.3792 71.2624 121.797 175.943 
85.6495 69.6743 123.072 184.511 
84.248 64.7507 119.813 190.751 
86.9868 60.2518 129.946 193.654 
93.2365 62.2571 139.455 202.08 
98.5716 62.7395 144.63 198.247 
102.907 63.7449 153.045 197.606 
105.319 63.7502 155.87 201.911 
107.654 62.7556 160.218 199.04 
108.99 62.761 161.42 195.731 
109.325 63.7663 163.245 190.322 
110.66 65.7717 165.804 178.702 
112.995 67.777 168.63 165.536 
116.33 68.7824 170.198 152.636 
120.665 69.7878 170.766 139.471 


----------------------------------------------------------------
180.185 secs
0
1
2
3
4
5
6
7
8
9
10
11
12
13
14
15
16
17
18
19
----------------------------------------------------------------
Best Fitness: 909614
Worst Fitness: 949477
----------------------------------------------------------------
P_h: 
98.5 49 0 211.33 
60.0252 67.3992 0 235.782 
81.892 75.8165 49.7576 216.455 
70.6837 48.7789 0 270.99 
59.793 66.4103 0 248.727 
70.6108 48.8183 29.9954 244.202 
60.1999 65.5358 50.9991 254.561 
92.5203 47.6068 52.4557 257.557 
60.5302 75.3815 36.6338 265.092 
90.6569 47.2059 47.1444 277.503 
84.389 49.0114 42.2537 287.733 
61.6859 63.9086 23.5887 282.312 
62.2107 59.8188 52.6908 277.554 
81.5007 70.3986 53.5786 292.393 
62.5833 50.3887 43.6872 298.351 
72.619 51.5144 48.1854 286.956 
88.3425 68.6173 54.6455 314.083 
78.6043 67.5777 55.6483 251.868 
78.4152 69.7589 28.4562 299.403 
104.437 72.0198 55.1755 283.499 
101.523 65.4836 39.7749 289.927 
79.889 75.8259 52.5411 289.175 
62.3195 62.7154 59.2757 236.016 
86.8117 42.4413 50.1655 271.41 
----------------------------------------------------------------
Best: 
15 6 30 13 1011.17 
5.80602 9.09502 28.7095 19.5214 1026.79 
9.04023 11.2788 16.894 13.4431 936.079 
7.24954 6 26.8255 19.6509 899.547 
5.80602 8.93344 27.9097 16.0539 915.07 
7.24084 6 20.5073 13.9525 1016.37 
5.80602 9.01739 11.5525 13.6841 1218.7 
11.4824 6 13.151 13.3877 1549.86 
5.80602 11.656 19.2055 14.3976 1802.36 
10.5693 6 16.5515 16.0858 1857.49 
9.13516 6 17.6798 17.1181 1766.61 
5.80602 8.36732 22.0235 16.4223 1878.51 
5.80602 7.63532 13.5167 15.643 1777.73 
8.26223 9.62425 12.5654 16.867 1702.13 
5.80602 6 18.2086 18.213 1674.99 
6.98415 6 16.8154 17.2722 1610.72 
9.19593 8.89919 11.5137 22.7083 1604.31 
7.75927 9.06487 12.4438 13.3877 1686.3 
7.73767 9.88301 21.9142 20.9674 1763.97 
13.1502 10.8438 13.4383 19.4681 1764.87 
12.6712 9.46711 19.8495 20.3057 1743.29 
8.13734 12.8854 16.7487 22.5615 1622.57 
5.80602 9.73429 13.1552 13.3877 1429.67 
9.13045 6 18.5979 17.9147 1139.17 


Volume: 
100 80 170 120 
103.194 78.905 149.491 102.879 
102.154 76.6262 151.597 121.035 
101.904 79.6262 138.577 130.094 
102.098 78.6927 131.803 130.934 
101.857 79.6927 133.824 143.807 
104.051 76.6754 137.077 158.033 
101.569 77.6754 142.1 165.152 
105.763 74.0193 135.701 162.307 
106.194 77.0193 140.649 159.372 
109.059 80.0193 135.776 161.46 
113.252 79.652 137.977 161.589 
118.446 80.0167 143.596 163.626 
122.184 79.3925 145.836 168.782 
127.378 82.3925 144.801 164.086 
130.394 84.3925 145.883 159.379 
130.198 82.4933 151.8 154.879 
130.439 79.4284 154.34 158.307 
129.701 76.5454 148.622 148.853 
122.551 73.7016 152.842 141.829 
116.88 73.2345 151.795 143.437 
116.742 69.3491 160.08 134.314 
119.936 67.6148 171.44 140.776 
120.806 69.6148 170.446 139.61 

100 80 170 120 
100.574 79.0137 154.885 105.173 
100.097 78.4715 157.902 118.816 
100.962 78.76 162.642 124.591 
97.9377 77.5793 165.859 121.09 
97.5661 75.6827 163.25 125.499 
97.7789 73.9665 165.172 124.096 
97.3433 72.7124 166.498 131.058 
99.5721 72.6746 164.351 132.035 
101.039 71.2195 157.562 130.698 
106.665 71.8695 151.875 133.222 
109.634 71.6698 152.022 139.307 
108.907 71.6582 152.946 142.619 
113.018 72.3516 149.641 146.618 
113.036 71.2719 154.626 150.026 
116.978 71.4248 159.717 151.325 
117.669 71.0549 161.998 151.631 
119.612 70.2501 161.997 146.065 
119.051 67.2632 161.643 145.483 
117.882 67.5413 162.75 146.213 
118.582 67.1766 163.479 146.551 
118.025 68.5839 168.991 145.033 
118.862 69.0805 167.359 143.722 
120.042 70.3952 170.556 139.519 


----------------------------------------------------------------
179.069 secs
0
1
2
3
4
5
6
7
8
9
10
11
12
13
14
15
16
17
18
19
----------------------------------------------------------------
Best Fitness: 906748
Worst Fitness: 942744
----------------------------------------------------------------
P_h: 
98.5 88.6 0 276.85 
68.3408 62.2333 15.6592 226.314 
74.3679 75.4894 0 239 
68.4172 57.641 48.385 247.812 
80.8295 70.305 0 261.98 
72.882 80.8413 29.6733 271.782 
67.7362 53.8607 47.2988 287.299 
76.1591 59.2314 25.4523 274.443 
92.8758 49.1647 41.8672 313.062 
92.6614 52.3894 42.3538 308.805 
68.4843 54.6553 34.7378 287.124 
83.6224 54.5928 0 278.263 
69.5626 54.2501 52.122 297.934 
86.0172 53.4743 54.3844 283.429 
90.2159 53.899 55.034 292.121 
87.1505 51.3564 0 274.34 
70.6412 52.2968 55.3776 292.768 
70.8039 56.1756 56.8428 280.476 
70.8164 54.3196 57.3419 290.838 
70.681 54.3146 57.5617 293.605 
70.6941 52.9608 58.5402 276.252 
70.8536 55.8938 58.7615 267.323 
71.132 55.8512 57.4192 273.998 
71.4769 54.5147 58.4147 261.729 
----------------------------------------------------------------
Best: 
15 15 30 25 906.05 
6.91352 8.04431 24.2931 17.2168 1017.45 
7.77927 10.9605 30 16.3321 971.143 
6.91352 7.31828 17.1884 16.2971 867.745 
9.01006 9.81181 29.3436 16.2272 876.886 
7.71199 15 21.0578 17.6249 954.821 
6.91352 7.99467 16.7364 18.1966 1193.81 
8.13689 9.33117 21.8568 15.8568 1564.71 
11.9768 7.4094 18.6846 23.4931 1743.03 
12.0647 7.80803 18.4252 22.5951 1823.79 
6.91352 8.08855 20.429 18.4902 1785 
9.2909 8.08874 27.9591 17.0402 1893.52 
6.91352 8.03255 14.0877 19.9144 1756.13 
9.38303 7.74544 13.5621 16.2458 1722.69 
10.1618 7.65994 14.0942 17.7913 1638.73 
9.53219 7.1501 27.4698 15.8048 1657.15 
6.91352 7.33798 12.6566 18.9041 1658.92 
6.91352 8.26788 12.8021 15.8048 1675.7 
6.91352 8.07449 12.6566 17.6685 1766.68 
6.91352 8.0843 13.6636 18.9542 1803.84 
6.91352 7.68997 13.0428 17.1 1781.55 
6.91352 8.08407 14.177 16.2754 1667.17 
6.91352 8.08734 15.5645 17.8672 1391.6 
6.91352 7.83598 14.7095 16.4955 1143.87 


Volume: 
100 80 170 120 
102.086 79.9557 153.907 105.183 
102.307 77.9952 142.907 120.451 
102.394 79.6769 149.632 128.447 
99.3836 77.8651 139.112 142.22 
98.6716 69.8651 139.928 141.783 
99.7581 67.8704 142.52 152.93 
100.621 65.5393 140.187 158.131 
98.6445 66.1299 144.416 151.375 
97.5797 67.3218 143.122 150.636 
102.666 68.2333 145.001 150.831 
103.375 68.1446 138.516 152.216 
107.462 68.112 143.15 152.73 
110.079 69.3666 149.968 164.444 
110.917 70.7066 153.876 160.74 
111.385 71.5565 145.822 158.497 
113.471 71.2185 153.072 153.687 
114.558 68.9507 159.462 165.352 
114.644 67.8762 161.869 160.341 
113.731 67.7919 163.457 154.188 
113.817 69.1019 167.596 149.745 
114.904 70.0178 170.407 147.133 
116.99 69.9305 170.84 142.309 
120.077 70.0945 170.734 139.99 

100 80 170 120 
101.822 78.2436 160.893 108.048 
102.093 79.6403 156.826 123.69 
101.915 81.9989 167.045 124.113 
100.529 80.9626 164.058 131.936 
100.351 80.2906 162.125 131.543 
100.851 78.235 151.106 136.609 
101.14 78.1414 143.733 142.636 
103.723 76.9121 143.301 156.152 
107.545 78.6592 147.392 166.196 
112.266 80.0123 149.338 161.703 
114.515 77.0818 153.022 159.453 
118.337 77.3442 158.503 157.974 
122.065 78.9503 156.614 152.585 
125.156 81.0904 160.855 145.898 
127.247 81.8282 166.459 151.832 
129.069 81.4599 165.524 143.699 
125.805 79.343 161.868 140.458 
125.627 77.1386 163.631 144.287 
121.153 71.9275 165.215 146.336 
120.219 71.3955 166.888 144.04 
116.739 72.5036 171.707 146.904 
117.265 72.5369 173.349 142.405 
120.087 70.4411 170.014 140.078 


----------------------------------------------------------------
178.042 secs
0
1
2
3
4
5
6
7
8
9
10
11
12
13
14
15
16
17
18
19
----------------------------------------------------------------
Best Fitness: 910936
Worst Fitness: 948919
----------------------------------------------------------------
P_h: 
98.5 49 0 211.33 
70.6183 74.5047 57.2267 206.583 
73.4439 74.9731 23.7206 225.508 
69.6372 47.6391 33.8785 226.049 
89.1163 71.7571 54.4631 251.967 
65.5885 46.6989 0 273.29 
65.9477 46.6989 28.8453 237.966 
88.5922 55.3841 55.3905 282.953 
70.2325 60.6083 54.7682 253.334 
82.3775 48.1741 30.7063 271.647 
67.8405 77.7213 26.1189 291.535 
68.4774 47.5732 55.2883 289.689 
69.1716 67.3143 0 279.243 
69.815 68.8442 54.4673 284.169 
70.1644 57.0669 56.3364 288.612 
88.7 70.2704 43.3549 288.91 
70.314 55.4341 54.8249 272.375 
85.3735 59.0737 57.0227 265.738 
70.2933 70.6945 53.9963 252.097 
85.2853 43.9904 59.0039 284.112 
90.2219 52.9375 56.6662 288.531 
75.3299 47.388 45.4137 275.366 
88.1683 60.7023 38.5608 280.038 
94.4502 64.3751 58.9338 280.277 
----------------------------------------------------------------
Best: 
15 6 30 13 1011.17 
7.24578 10.8638 14.3515 13.9329 981.067 
7.64729 11.4078 23.3948 13.8389 962.354 
7.09684 6 21.2319 13.8389 912.796 
11.0432 10.5305 15.68 16.0305 822.697 
6.71243 6 26.6897 18.7319 1024.42 
6.71243 6 22.1394 13.8389 1270.54 
10.9421 7.34081 14.6972 18.5289 1517.68 
7.28655 8.24389 14.9524 13.8389 1801.06 
9.19145 6 21.7685 16.0333 1887.1 
6.71243 11.9931 22.1464 19.4961 1766.78 
6.71243 6 11.9764 18.6782 1848.97 
6.71243 9.42831 26.1734 16.4781 1814.27 
6.71243 9.86492 10.6427 17.9008 1722.7 
6.71243 7.51375 11.6968 17.3242 1657.82 
9.36496 10.2997 19.4569 18.4364 1578.77 
6.71243 7.54955 15.6709 16.8481 1677.05 
8.79163 8.46796 14.7844 15.5396 1672.79 
6.71243 11.9237 16.7892 13.8389 1792.92 
8.82543 6.36792 12.3965 18.145 1807.61 
9.74132 7.63048 16.1761 19.2304 1751.64 
7.40795 6.48344 20.17 18.1236 1676.5 
9.36695 8.79614 21.4008 19.4818 1382.53 
10.5897 9.79134 14.1264 19.3642 1091.96 


Volume: 
100 80 170 120 
101.754 77.1362 163.849 108.467 
102.107 74.7284 159.454 126.228 
102.01 77.7284 153.468 126.741 
96.9669 75.1979 159.299 134.105 
97.2544 76.1979 155.114 136.605 
98.542 76.1979 153.017 138.446 
96.5999 75.8571 157.563 146.607 
99.3133 75.6132 156.323 154.907 
101.122 78.6132 152.497 153.571 
106.409 75.62 145.978 149.028 
109.697 77.62 153.437 152.118 
113.985 76.1917 143.976 157.786 
119.272 75.3268 155.039 151.862 
123.56 76.8131 159.054 160.711 
124.195 74.5133 157.738 152.917 
126.482 73.9638 160.644 147.766 
125.691 71.4958 164.739 151.683 
125.978 66.5721 165.962 153.515 
123.153 68.2041 170.906 150.155 
120.412 69.5737 171.911 147.713 
121.004 72.0902 174.49 141.986 
120.637 71.2941 170.199 138.681 
120.047 69.5027 171.11 139.486 

100 80 170 120 
97.9014 79.9458 153.423 106.094 
94.149 75.8961 143.709 120.703 
94.0374 78.494 152.15 127.295 
90.4714 75.6163 150.587 127.771 
89.7852 74.2408 152.367 126.346 
88.0598 72.3719 144.493 135.533 
90.7388 72.777 149.592 137.839 
93.2568 72.7175 147.946 148.186 
97.1701 74.4145 146.013 144.373 
101.217 74.8821 140.558 148.392 
101.881 72.1265 140.32 147.744 
101.928 73.4724 140.659 151.474 
105.643 72.265 142.054 150.356 
109.265 71.9998 152.699 150.022 
110.293 72.07 148.725 152.581 
113.439 71.3181 152.088 149.934 
111.698 69.725 154.984 153.313 
112.01 66.441 152.458 149.492 
111.432 65.08 156.839 149.655 
111.31 66.3057 160.258 149.675 
112.715 67.9902 166.531 145.837 
115.696 69.1719 167.165 141.678 
119.613 70.4021 170.114 139.974 


----------------------------------------------------------------
176.115 secs
0
1
2
3
4
5
6
7
8
9
10
11
12
13
14
15
16
17
18
19
----------------------------------------------------------------
Best Fitness: 906066
Worst Fitness: 942500
----------------------------------------------------------------
P_h: 
98.5 88.6 0 211.33 
82.6152 67.9255 0 212.15 
84.3078 64.5652 16.5146 262.073 
82.1323 58.2183 4.2205 256.887 
69.265 58.3602 24.8027 269.286 
78.7763 67.0247 42.6411 254.606 
67.7866 59.6854 30.3863 263.086 
72.2674 67.5467 35.3656 266.189 
80.1593 73.8568 18.3896 298.893 
92.7859 54.3466 35.8248 290.394 
75.5499 64.8635 0 278.029 
77.5393 63.5733 51.2114 311.727 
89.1598 56.9726 23.9827 308.986 
71.9035 58.0144 53.6649 317.238 
82.938 53.5648 56.2771 336.941 
61.1531 60.8827 49.2592 288.514 
69.6145 61.3305 55.5009 296.078 
63.4125 56.4129 47.8747 300.421 
67.5377 51.0219 53.4444 281.389 
68.975 54.2722 57.4291 276.849 
71.0657 59.04 53.5622 277.973 
62.0186 57.2047 57.9268 305.831 
62.3533 55.5128 58.242 251.146 
65.2096 54.8453 59.1029 267.699 
----------------------------------------------------------------
Best: 
15 15 30 13 971.57 
9.32967 9.21083 28.2837 14.7457 1027.31 
9.80406 8.52795 23.6492 20.7959 932.539 
9.55055 7.28485 25.4159 17.4565 888.541 
7.3897 7.2353 22.3631 18.4733 868.286 
9.15531 8.91239 18.9009 15.0033 966.952 
7.23792 7.82042 21.3272 15.1903 1229.06 
7.87273 9.58001 20.1798 15.1477 1558.63 
9.22089 11.6983 22.875 19.1832 1768.7 
13.3453 7.44522 19.3516 17.5827 1846.65 
8.29239 9.3894 27.834 15.2575 1811.56 
8.54888 9.3158 14.1001 19.6647 1805.95 
11.0255 8.09431 21.9484 17.9889 1750.9 
7.43071 8.1781 11.6928 19.9301 1699.18 
9.14758 7.2353 11.6928 24.5934 1600.28 
5.83717 8.54296 17.8207 16.92 1610.19 
6.85597 8.86631 15.5081 18.9334 1647.48 
6.03227 8.25183 18.3186 20.0105 1671.88 
6.53394 7.37546 16.2234 17.4006 1786.61 
6.73336 7.91124 12.9653 16.581 1822.47 
7.00948 8.73756 16.5673 16.7955 1778.36 
5.83717 8.30942 13.5413 25 1637.02 
5.83717 8.01166 11.6928 14.7457 1422.75 
6.13511 7.88201 13.2257 17.3394 1143.14 


Volume: 
100 80 170 120 
99.6703 78.7892 149.916 107.654 
97.8663 79.2612 145.267 118.458 
95.3157 80.9764 146.181 129.286 
93.926 81.7411 145.833 134.461 
91.7707 79.8287 149.01 144.874 
92.5328 78.0083 145.358 152.047 
93.6601 75.4283 143.568 155.8 
94.4392 71.73 137.844 157.944 
92.0939 73.2848 135.185 160.541 
95.8015 72.8954 127.152 168.159 
97.2526 71.5796 140.095 167.846 
97.2271 71.4853 137.885 177.691 
101.796 72.3072 147.13 171.861 
103.649 74.0719 158.779 169.216 
107.812 73.5289 158.483 163.989 
109.956 71.6626 162.301 156.748 
111.923 69.4108 159.055 154.558 
112.389 69.0353 159.23 152.666 
111.656 69.1241 162.163 154.403 
111.647 69.3865 162.382 153.831 
113.809 70.0771 164.949 141.797 
116.972 70.0654 169.177 143.618 
120.837 70.1834 170.526 139.82 

100 80 170 120 
101.145 80.8463 157.304 103.614 
102.706 82.6926 156.254 120.144 
103.096 81.1522 149.13 125.738 
102.657 81.3088 152.576 129.214 
100.18 77.2656 147.532 136.225 
99.447 71.1554 137.511 132.532 
102.008 66.8947 137.344 135.433 
105.482 67.4612 144.971 149.865 
110.043 67.7371 136.657 153.053 
111.773 69.5833 129.007 151.132 
112.749 70.4296 130.246 160.669 
117.311 71.2759 138.495 171.5 
114.933 71.1414 140.73 164.748 
119.495 72.9877 138.6 161.963 
117.23 73.4288 147.374 159.363 
117.452 72.0189 150.645 163.015 
118.088 70.2205 157.76 162.703 
115.667 68.5412 154.834 158.048 
115.228 64.2393 155.891 153.789 
115.79 66.0855 160.752 152.624 
117.351 67.9318 164.724 150.194 
116.764 68.7781 171.317 141.632 
120.058 69.6244 171.119 139.565 


----------------------------------------------------------------
185.498 secs
0
1
2
3
4
5
6
7
8
9
10
11
12
13
14
15
16
17
18
19
----------------------------------------------------------------
Best Fitness: 909515
Worst Fitness: 941990
----------------------------------------------------------------
P_h: 
98.5 88.6 0 276.85 
60.2653 63.5945 28.8501 218.614 
79.8345 63.9771 0 248.627 
88.1408 63.5995 10.253 239.689 
90.9869 77.593 31.46 275.254 
85.5426 72.6363 34.4065 279.12 
57.5835 51.9415 56.2462 262.769 
68.6028 60.0788 30.4978 279.89 
63.46 50.7414 57.2367 295.001 
70.8019 73.0301 32.8698 274.272 
84.2701 51.3446 43.1929 262.63 
61.6585 60.1532 17.7751 291.955 
97.4522 56.664 56.1397 259.026 
66.6997 58.198 27.5141 298.893 
69.956 56.6899 50.115 264.314 
64.0211 56.8519 44.8575 295.327 
62.1337 48.7606 27.9649 288.065 
87.189 54.3448 54.6028 302.69 
91.3981 49.8994 56.059 279.99 
62.7877 50.2482 56.7084 289.405 
85.0302 66.6887 57.0585 258.85 
68.1914 50.3961 57.8921 257.248 
64.3244 51.3361 58.9852 270.563 
82.346 49.5718 55.1616 265.781 
----------------------------------------------------------------
Best: 
15 15 30 25 906.05 
5.83603 8.30771 22.3234 15.7853 1018.68 
8.65604 8.29799 27.0397 17.7757 967.561 
10.5864 8.14102 24.6009 15.3872 888.318 
12.3116 11.5487 21.0901 19.371 814.706 
11.1215 10.9943 20.6656 18.9378 938.295 
5.91429 7.13447 13.4027 15.8539 1221.46 
7.37844 8.73926 22.2685 17.7231 1560.93 
6.48322 7.02577 14.1883 22.2567 1773.56 
7.36871 12.1348 21.6777 17.53 1869.03 
9.51124 7.27416 19.2066 16.2459 1788.56 
5.93998 8.93972 23.5677 20.625 1878.46 
12.8612 8.33291 14.1492 15.1896 1760.72 
6.48639 8.55531 22.332 20.4345 1748.69 
6.81877 8.17767 17.6337 15.6259 1688.92 
6.02462 8.23581 19.0335 19.5653 1608.94 
5.77777 6.87752 22.258 18.563 1703.08 
9.22543 8.03171 14.5986 21.7152 1641.17 
10.1155 7.31859 13.0386 17.0644 1762.65 
5.89089 7.2946 13.6046 19.0991 1820.85 
9.01913 10.7776 14.7857 15.2487 1772.37 
6.55212 7.33108 14.0951 15.2487 1686.27 
6.04636 7.41832 13.3558 17.2769 1404.79 
8.41964 7.02577 16.7716 17.044 1137.14 


Volume: 
100 80 170 120 
103.164 79.6923 155.877 106.615 
102.508 80.3943 147.837 120.439 
98.9216 81.2533 146.072 127.375 
92.6099 77.7046 144.946 135.044 
88.4884 73.7102 147.164 140.707 
90.5741 72.5758 157.214 145.943 
92.1957 70.8365 159.616 148.886 
95.7125 71.8107 163.336 140.032 
99.3438 68.6759 157.171 144.77 
101.833 70.4018 154.187 142.713 
105.893 69.4621 147.014 143.765 
104.031 69.1292 158.511 147.782 
109.545 69.5738 152.393 150.916 
113.726 70.3962 159.56 149.439 
117.702 70.1604 157.346 152.206 
120.924 70.2829 152.462 151.276 
119.698 68.2511 154.066 148.595 
116.583 67.9326 156.041 153.788 
116.692 68.638 159.539 149.288 
114.673 66.8603 164.901 147.078 
116.121 68.5293 166.015 145.434 
119.074 69.1109 169.973 142.942 
120.655 70.0852 170.531 139.994 

100 80 170 120 
99.3612 79.3831 150.56 103.561 
98.314 77.7282 144.582 115.802 
95.9769 78.497 149.373 123.036 
92.5632 78.5903 147.647 127.81 
88.9447 76.9463 145.536 130.038 
89.9482 72.4639 144.207 134.785 
88.932 70.482 142.397 143.252 
91.3457 65.9701 136.35 145.145 
92.0078 64.4554 140.86 148.756 
97.5329 64.2718 134.628 152.83 
100.279 63.615 142.975 150.548 
100.721 63.7505 145.83 157.832 
105.133 64.3619 146.312 156.07 
107.679 65.595 154.256 157.32 
110.168 66.2789 156.966 158.464 
111.407 65.7194 160.753 156.467 
112.684 63.8796 159.909 153.731 
113.154 63.707 161.488 151.268 
111.588 64.6302 161.745 151.585 
111.975 66.6773 164.733 148.954 
114.147 68.4254 168.378 146.733 
116.758 69.3599 170.426 143.519 
120.757 70.406 170.283 140.41 


----------------------------------------------------------------
184.724 secs
0
1
2
3
4
5
6
7
8
9
10
11
12
13
14
15
16
17
18
19
----------------------------------------------------------------
Best Fitness: 910586
Worst Fitness: 943353
----------------------------------------------------------------
P_h: 
98.5 88.6 0 276.85 
86.9195 67.6845 15.7063 225.988 
78.1054 61.1163 25.0167 246.379 
72.6704 76.2205 31.7087 263.775 
75.2996 62.8455 47.1229 259.699 
84.4435 58.7404 37.4077 268.064 
86.2305 57.1856 32.2139 267.248 
69.8251 62.064 50.0688 259.741 
69.9243 60.935 34.8455 272.525 
77.7381 58.1973 56.6595 267.029 
77.7971 67.0353 49.3088 280.02 
69.6459 55.77 49.4951 271.013 
72.5183 59.7207 51.8422 267.114 
67.1719 55.1669 57.2242 269.675 
67.5251 60.9786 54.0583 257.36 
94.7986 63.428 2.85064 274.027 
77.2312 59.3111 39.9888 253.05 
77.5732 58.1519 26.504 273.893 
69.2876 55.5577 56.499 286.939 
68.8898 52.3011 57.8291 295.693 
69.7283 51.4179 58.0787 271.107 
75.0533 55.3806 55.6304 274.903 
67.9719 53.1306 59.1393 257.451 
68.4611 52.6498 57.1027 256.813 
----------------------------------------------------------------
Best: 
15 15 30 25 906.05 
10.3163 9.15757 24.2866 17.1506 993.701 
8.59877 7.85237 22.6215 17.6549 949.383 
7.7428 11.172 21.8043 19.7422 845.626 
8.29433 8.43555 18.4592 18.0675 845.033 
10.4199 7.81648 20.7599 18.8922 961.344 
11.3722 7.74651 21.8269 18.8254 1207.12 
7.72132 8.83088 17.76 17.0131 1558.3 
7.5966 8.71109 21.4475 18.3461 1801.77 
8.78156 8.10723 14.3816 17.469 1860.38 
8.57442 9.94079 18.0354 19.0853 1755.84 
7.15737 7.77369 18.1038 18.3354 1864.08 
7.43775 8.53187 17.5909 17.6784 1778.8 
6.54927 7.57254 15.5564 18.0571 1750.76 
6.50408 8.52342 17.2787 16.1072 1690.08 
11.0723 9.13188 26.4065 19.1534 1634.9 
7.81202 8.55694 20.2296 15.8451 1700.42 
7.85835 8.69838 22.7467 17.3652 1703.88 
6.71844 8.4063 14.1474 19.1665 1771.72 
6.67982 7.80415 13.2577 20.2022 1805.29 
6.7838 7.47256 14.2432 16.8599 1789.67 
7.4896 8.02985 16.2642 18.123 1659.03 
6.5118 7.59808 13.0136 15.9609 1412.31 
6.53016 7.4564 15.6581 15.8232 1154.97 


Volume: 
100 80 170 120 
98.6837 78.8424 153.913 105.249 
98.0849 79.9901 150.292 119.194 
97.3421 77.8181 155.804 123.739 
95.0478 77.3825 158.101 128.293 
91.6279 76.5661 156.936 131.205 
88.2557 74.8196 157.576 130.839 
89.5344 72.9887 160.671 134.586 
91.9378 72.2776 159.412 138.066 
94.1563 73.1704 161.498 138.357 
97.5818 72.2296 160.891 140.72 
100.424 72.4559 162.279 136.766 
103.987 71.924 165.37 137.123 
109.437 73.3515 169.912 137.17 
113.933 73.8281 170.845 138.653 
112.861 72.6962 161.519 135.056 
114.049 71.1392 157.366 136.49 
114.191 68.4408 156.215 145.531 
114.472 67.0345 160.012 146.594 
113.792 67.2304 164.169 149.139 
114.009 68.7578 167.343 146.426 
114.519 69.728 168.165 141.561 
117.007 70.1299 170.739 139.843 
120.477 70.6735 170.043 140.284 

100 80 170 120 
102.47 78.0271 159.653 104.19 
98.8943 76.8728 153.788 120.654 
98.4191 72.6212 151.962 117.923 
93.8703 70.558 149.725 124.262 
89.2939 67.9781 152.932 134.05 
87.5915 65.66 155.055 145.019 
87.1804 63.8175 156.399 141.566 
87.737 63.5152 153.357 148.835 
88.5709 65.4129 154.57 152.147 
90.6756 66.005 156.201 156.823 
93.2004 66.5075 161.352 156.109 
98.2077 66.5766 164.8 158.304 
104.902 67.4934 165.236 157.679 
109.924 65.4952 168.003 159.743 
109.128 65.468 162.327 155.382 
106.844 65.5895 164.133 149.094 
109.214 63.4532 168.178 152.613 
110.023 63.8265 174.619 144.973 
110.718 65.074 173.1 146.754 
110.762 66.6844 175.327 143.537 
112.181 69.0577 172.532 140.292 
115.633 68.9181 172.06 138.383 
120.306 70.2914 169.992 140.25 


----------------------------------------------------------------
190.912 secs
0
1
2
3
4
5
6
7
8
9
10
11
12
13
14
15
16
17
18
19
----------------------------------------------------------------
Best Fitness: 907991
Worst Fitness: 954797
----------------------------------------------------------------
P_h: 
98.5 88.6 0 276.85 
84.0701 69.2733 14.5477 232.327 
86.084 63.6812 19.386 253.999 
89.8218 59.5948 0 247.815 
82.7289 60.8358 16.5757 259.267 
74.8525 61.7052 38.3012 263.534 
69.1517 69.8884 26.6448 272.443 
60.1828 65.9984 34.0775 280.239 
81.6716 66.3473 12.0657 287.638 
62.014 65.738 45.7032 301.06 
76.496 53.8127 52.3512 304.283 
76.942 59.3212 45.8446 285.351 
70.1681 64.725 40.8514 305.426 
72.8136 56.9627 45.248 275.519 
84.4763 60.2454 55.7388 285.079 
70.3697 53.8425 54.838 286.336 
75.8682 54.5987 43.2618 279.8 
70.8474 53.2108 54.6981 288.642 
81.8165 51.7105 54.5575 280.001 
69.5677 60.1647 53.2997 261.776 
66.0399 49.0977 57.9947 265.948 
66.2692 52.7125 58.8075 269.288 
69.7588 50.4386 58.406 258.802 
66.9001 51.0075 58.3923 256.16 
----------------------------------------------------------------
Best: 
15 15 30 25 906.05 
9.64128 9.51645 24.444 18.574 989.782 
10.2648 8.38929 23.4625 19.8351 936.85 
11.9482 7.54604 28.5714 17.2117 892.768 
10.4427 7.72073 23.7125 18 870.593 
8.88062 7.9645 20.098 16.7156 971.607 
7.84188 10.0116 22.2843 16.9775 1211.87 
6.34416 9.565 20.739 17.7189 1559.5 
10.0809 9.92639 23.9775 18.1831 1792.28 
6.39139 9.9417 17.0648 20.2572 1845.48 
8.39724 7.50908 14.7005 20.1095 1743.06 
8.38171 8.52772 17.7572 17.3014 1842.54 
7.16427 9.86439 19.4258 21.9014 1748.83 
7.38298 8.24108 18.2959 16.8089 1749.46 
9.16899 8.82178 13.6115 17.9045 1644.46 
6.91428 7.63782 15.4404 18.0488 1604.61 
7.63899 7.86779 19.5867 17.7101 1676.47 
6.92634 7.85415 15.8023 19.8567 1672.6 
8.55672 7.68105 15.9321 18.2 1771.91 
6.80706 9.45899 16.4797 15.7342 1835.19 
6.34416 7.20999 13.6464 16.3015 1800.92 
6.34416 7.64888 12.8782 16.7761 1672.92 
6.74627 7.18242 14.7907 15.7022 1412.59 
6.34416 7.18398 14.5735 15.7334 1157.54 


Volume: 
100 80 170 120 
99.3587 78.4836 153.756 103.826 
97.0939 79.0943 149.294 115.591 
92.1457 80.5482 147.363 122.823 
87.703 80.8275 146.432 128.286 
85.8224 79.863 150.672 140.141 
85.9805 75.8514 149.376 146.876 
88.6363 73.2864 147.239 149.256 
88.5554 71.36 140.067 153.357 
93.164 70.4183 140.358 153.838 
96.7668 71.9092 146.304 157.706 
98.385 71.3815 146.865 157.47 
102.221 69.5171 149.778 150.269 
106.838 70.276 150.373 151.217 
108.669 70.4542 155.453 152.739 
111.755 70.8164 159.26 152.986 
113.116 69.9486 159.083 148.887 
114.189 68.0945 161.017 144.471 
112.632 67.4134 161.362 145.857 
111.825 65.9544 160.676 145.926 
112.481 67.7444 165.441 145.556 
114.137 69.0956 169.051 145.26 
116.391 69.9132 171.063 143.204 
120.047 70.7292 170.044 140.349 

100 80 170 120 
102.402 75.4492 155.886 106.941 
101.563 77.838 151.197 122.776 
99.6125 78.7386 149.795 129.364 
96.1999 79.8108 155.49 134.375 
95.5262 79.8988 153.2 142.453 
96.9286 76.9574 151.261 145.317 
95.5118 70.9237 147.518 151.421 
97.4483 72.2935 143.996 152.78 
101.851 73.2816 149.728 157.685 
107.253 73.3823 156.035 157.356 
110.655 72.5986 153.298 149.237 
115.058 71.0721 155.934 149.259 
120.46 72.554 155.728 147.6 
124.704 71.0114 159.554 147.389 
128.106 70.2177 161.63 150.344 
125.98 67.3322 163.085 147.481 
125.694 66.1911 166.532 147.701 
124.991 66.21 164.519 143.046 
124.304 63.9872 167.489 142.738 
119.76 65.8301 170.144 149.107 
119.638 68.2188 171.213 145.616 
118.482 69.4047 174.725 140.439 
120.064 70.6112 170.359 139.684 


----------------------------------------------------------------
177.014 secs
0
1
2
3
4
5
6
7
8
9
10
11
12
13
14
15
16
17
18
19
----------------------------------------------------------------
Best Fitness: 906242
Worst Fitness: 946212
----------------------------------------------------------------
P_h: 
98.5 88.6 0 276.85 
86.2988 65.0339 3.05113 225.798 
84.4293 70.7224 2.64616 238.016 
83.8542 68.3534 23.026 253.596 
73.5788 73.3598 49.2916 266.314 
81.8647 63.6258 24.4225 261.962 
66.0437 59.6047 27.8513 286.003 
67.3122 58.2905 13.847 283.945 
85.3016 55.7783 3.89766 301.439 
75.5145 57.4549 35.3787 287 
77.3426 60.876 42.3614 296.053 
71.5821 58.8407 39.0946 281.847 
73.6069 52.068 32.8725 296.371 
75.2548 51.3123 51.6509 310.89 
71.2266 60.6323 52.3858 312.962 
85.0227 57.8295 51.5317 310.911 
78.8938 57.9922 52.0656 286.395 
76.5731 51.3451 55.6487 300.826 
69.1948 51.7023 56.5119 282.48 
70.0797 49.9464 56.6904 276.552 
65.5438 53.2129 56.3149 270.279 
66.3578 51.6505 58.4549 269.607 
67.3288 49.5667 58.9255 268.43 
64.3907 50.9824 58.8185 257.678 
----------------------------------------------------------------
Best: 
15 15 30 25 906.05 
10.1606 8.59607 25.9039 17.1121 1009.82 
9.90605 9.79648 25.5918 16.149 964.186 
10.0484 9.36429 22.9271 16.9005 861.171 
8.20993 10.8851 17.3548 17.4378 827.456 
10.1282 9.09367 23.0109 15.8767 978.126 
7.14175 8.68425 22.3239 19.7714 1210.5 
7.23754 8.65943 24.4288 18.6333 1576.61 
10.7934 8.2299 25.3141 21.708 1793.58 
8.46547 8.4641 19.9364 18.0053 1864.65 
8.56939 9.13286 18.3842 18.3132 1753.37 
7.50683 8.85758 19.2005 16.0136 1858.64 
7.66958 7.59427 20.6308 17.7608 1775.08 
7.75435 7.27252 15.3131 20.0332 1710.89 
7.06249 8.89251 15.5598 20.3322 1632.79 
9.15324 8.42567 16.1847 21.015 1564.71 
8.11576 8.67744 15.9717 17.4548 1654.65 
7.76228 7.71061 14.5451 20.3351 1655.61 
6.74283 7.88236 14.4313 17.7181 1780.11 
6.87723 7.52415 14.8557 17.2793 1826.73 
6.28396 7.95267 15.3571 16.7521 1794.65 
6.35646 7.50646 13.7188 16.9484 1673.93 
6.43753 7.06302 12.9696 17.0236 1405.75 
6.04096 7.2014 13.924 15.9092 1158.13 


Volume: 
100 80 170 120 
98.8394 79.4039 152.296 105.288 
96.9334 78.6075 145.704 120.739 
93.885 78.2432 149.938 129.742 
91.6751 75.3581 154.085 137.896 
88.5469 73.2644 154.919 144.947 
89.4051 70.5802 153.169 142.53 
91.1676 68.9207 151.754 146.908 
90.3742 68.6908 143.675 147.524 
92.9088 69.2267 140.661 153.947 
96.3394 69.0939 142.729 160.948 
98.8325 68.2363 142.224 164.871 
102.163 68.642 142.627 165.494 
106.409 70.3695 146.953 164.661 
110.346 70.477 150.921 164.96 
111.193 70.0513 152.085 159.258 
112.077 68.3739 152.448 157.363 
112.315 66.6633 157.949 153.213 
112.572 65.7809 161.059 151.466 
111.695 66.2568 163.643 148.732 
112.411 67.3041 164.739 146.411 
114.054 68.7976 167.78 144.319 
116.617 69.7346 169.619 142.652 
120.576 70.5332 170.004 140.462 

100 80 170 120 
99.5574 79.6003 162.26 105.663 
100.175 78.1319 163.845 119.959 
99.8236 80.122 165.639 116.531 
96.1538 80.7832 161.006 117.283 
96.3477 77.574 161.989 123.527 
93.641 76.1993 160.375 129.452 
95.7898 72.0757 154.523 133.162 
97.0855 71.7555 162.494 137.118 
101.515 73.2546 158.024 141.65 
105.256 73.4448 158.646 138.806 
108.685 73.1891 153.573 138.827 
110.206 72.9478 155.382 139.967 
115.563 72.6275 160.255 144.834 
118.707 72.3628 164.443 144.355 
119.414 72.509 162.107 138.976 
120.512 70.7052 162.689 139.817 
121.702 68.6329 167.416 142.631 
118.263 66.4802 166.835 142.665 
117.692 66.544 166.927 143.218 
116.251 68.0464 172.068 143.543 
116.923 70.5314 172.344 140.188 
117.329 69.0123 171.773 137.52 
120.063 70.2455 170.579 139.572 


----------------------------------------------------------------
177.001 secs
0
1
2
3
4
5
6
7
8
9
10
11
12
13
14
15
16
17
18
19
----------------------------------------------------------------
Best Fitness: 909079
Worst Fitness: 947957
----------------------------------------------------------------
P_h: 
98.5 88.6 0 276.85 
75.2502 71.0177 31.9783 240.874 
62.759 61.26 10.358 244.72 
79.3589 55.34 1.44512 233.907 
78.514 77.8002 35.6986 249.329 
78.0217 52.8294 22.1448 272.275 
80.0378 60.5385 28.9307 268.748 
84.4909 59.152 0 280.488 
77.659 67.7532 28.1622 293.925 
67.216 67.0655 33.8122 286.784 
80.0738 69.1719 49.4729 278.229 
90.8031 61.5423 22.9667 272.215 
75.5352 50.7148 50.1729 303.318 
83.1124 57.4588 36.8571 287.776 
79.1149 56.9911 51.538 295.879 
75.5738 56.3364 55.9674 280.348 
82.2582 50.2158 54.1002 289.374 
64.99 55.519 57.5609 287.383 
75.4804 46.174 57.7267 281.665 
81.3476 48.8043 58.4545 271.033 
64.7477 57.6083 55.8353 263.007 
64.961 54.2621 57.8914 253.277 
83.1227 53.7615 59.1958 252.836 
65.3398 58.5629 56.5584 256.689 
----------------------------------------------------------------
Best: 
15 15 30 25 906.05 
7.97255 9.93384 21.794 21.4229 970.88 
6.15333 7.97009 24.847 18.4102 980.903 
8.64077 6.81299 25.9586 15.6613 919.949 
8.64077 11.6104 20.4733 16.4695 848.659 
8.6525 6.73991 22.8153 18.6865 984.729 
9.09506 8.22015 21.4296 17.6551 1211.74 
10.1149 8.10576 26.6468 18.7867 1575.87 
8.64077 10.0459 20.9276 21.1986 1772.5 
6.82288 10.0614 19.7214 18.3649 1865.12 
8.64077 10.875 14.7716 16.6069 1753.05 
10.8943 9.39348 21.8502 15.4063 1862.47 
7.81442 7.34195 15.2301 20.6181 1750.26 
8.91327 8.43524 20.0733 17.4997 1734.8 
8.15682 8.25591 15.9615 19.2801 1646.48 
7.56842 8.15947 13.1085 16.6069 1601.77 
8.56003 7.14941 15.7727 18.0892 1654.05 
6.15333 8.32972 13.3499 18.6264 1674.55 
7.51577 6.73991 14.4095 18.1352 1778.95 
8.45001 7.04776 13.3367 17.1855 1820.36 
6.15333 8.48429 16.2446 16.383 1798.8 
6.15333 7.73953 15.2134 15.4278 1689.61 
8.64077 7.61039 13.6534 15.2535 1401.08 
6.15333 8.51139 15.9942 15.7976 1152.85 


Volume: 
100 80 170 120 
101.027 78.0662 156.406 100.977 
102.874 79.0961 150.559 114.167 
101.233 81.2831 149.573 120.3 
98.5926 77.6727 148.187 128.677 
96.9401 77.9328 145.982 135.949 
95.845 75.7126 143.007 138.767 
94.7301 74.6069 138.623 142.796 
96.0894 72.561 134.53 143.027 
100.266 71.4996 134.144 151.309 
103.626 69.6246 137.119 155.63 
102.731 68.2311 134.137 159.945 
105.917 68.8892 141.609 154.098 
109.004 69.4539 146.305 158.449 
111.847 70.198 150.552 154.399 
114.278 70.0385 155.698 157.865 
114.718 69.8891 158.518 155.737 
116.565 67.5594 162.992 150.22 
116.049 67.8195 166.302 147.857 
113.599 68.7717 167.268 144.021 
114.446 69.2874 168.869 142.048 
116.293 70.5479 170.846 139.957 
116.652 70.9375 171.393 140.948 
120.499 70.4261 170.037 140.364 

100 80 170 120 
102.113 81.549 155.248 105.356 
101.771 83.5145 159.173 119.654 
101.884 83.4914 160.572 126.96 
100.998 79.5461 160.465 123.357 
101.111 76.4369 155.865 128.888 
101.722 75.9876 159.064 131.071 
103.025 76.1139 154.023 136.372 
106.138 75.9383 145.956 137.096 
107.705 73.6373 141.846 142.994 
112.818 74.1854 137.876 152.502 
114.01 72.8853 144.002 152.807 
118.123 72.7369 151.497 155.772 
123.237 75.1783 149.133 149.584 
123.081 77.074 154.948 146.505 
122.146 74.528 158.616 149.675 
120.262 74.7382 162.168 141.107 
121.249 72.1866 160.246 135.752 
121.363 69.9827 159.513 130.212 
120.038 71.5334 157.566 136.316 
117.358 71.4836 159.871 143.199 
114.827 72.3578 163.524 143.652 
116.941 73.0699 165.568 141.423 
120.054 70.4492 170.041 140.02 


----------------------------------------------------------------
184.954 secs
0
1
2
3
4
5
6
7
8
9
10
11
12
13
14
15
16
17
18
19
----------------------------------------------------------------
Best Fitness: 907669
Worst Fitness: 949989
----------------------------------------------------------------
P_h: 
98.5 88.6 0 276.85 
62.7849 60.2427 2.50255 225.56 
77.9888 61.4695 41.9887 237.856 
80.4135 58.5063 8.78042 242.51 
75.0831 77.3845 0 247.278 
72.8047 75.1503 29.9951 293.914 
74.0588 51.1091 48.6537 288.132 
62.1755 67.4996 45.1392 263.209 
64.2909 54.954 3.78533 272.877 
66.0288 50.8221 0 290.22 
85.6145 73.4598 26.1097 313.014 
99.2438 62.0259 49.047 280.182 
74.884 56.2292 42.6967 284.241 
65.3068 51.532 52.9673 282.11 
87.3055 63.3938 50.03 292.191 
85.5071 51.096 10.0234 281.207 
72.5799 55.2493 53.3839 273.473 
90.4995 60.4985 55.2921 307.067 
68.6917 49.2422 53.8925 290.025 
97.7589 77.7403 56.5692 269.646 
64.9034 46.0839 57.5668 269.485 
65.3394 61.2782 59.063 291.537 
80.662 50.3705 45.2369 268.807 
88.1171 47.2333 55.3531 283.729 
----------------------------------------------------------------
Best: 
15 15 30 25 906.05 
6.15749 7.67361 25.9695 17.0644 1038.91 
8.34557 7.75032 19.3221 16.1138 940.697 
8.85953 7.0999 25.0316 15.1696 899.79 
8.06437 11.02 27.6274 15.2277 890.254 
7.7398 11.1689 21.0746 22.5497 938.136 
7.93395 6.70232 16.2214 19.3948 1188.05 
6.14083 9.98438 17.8691 15.1738 1561.98 
6.30446 7.57313 25.1569 16.3474 1844.09 
6.41227 6.68198 25.3005 18.9152 1912.93 
9.23227 11.3345 20.6193 22.8343 1731.8 
12.7988 8.94537 12.1492 16.0407 1819.5 
7.51464 7.88322 17.1528 16.0428 1771.95 
6.17055 6.89423 13.9599 16.2157 1748.08 
9.23395 8.90171 16.4215 17.5283 1637.08 
8.90529 6.68959 24.2968 16.4185 1642.17 
7.02038 7.37467 13.1546 15.3977 1675.31 
9.76003 8.56973 12.1377 19.1296 1626.64 
6.54517 6.66364 14.937 17.2931 1778.15 
11.5857 15 12.157 15.1665 1778.29 
6.13589 6.66097 12.1174 15.172 1801.96 
6.16762 9.36479 12.1507 18.9107 1642.78 
8.18395 7.30028 20.1779 16.3232 1404.92 
9.3643 6.66121 16.6402 19.7411 1115.57 


Volume: 
100 80 170 120 
102.843 80.3264 152.23 105.336 
102.497 81.5761 151.908 120.822 
100.637 83.4762 150.034 131.622 
98.573 80.4562 141.426 135.716 
97.8332 76.2873 140.961 138.198 
97.8993 75.585 142.904 146.431 
100.758 72.6006 145.795 152.332 
104.454 73.0274 140.741 152.206 
109.042 75.3455 129.283 151.16 
111.809 73.0109 125.953 153.482 
109.011 72.0656 129.789 162.742 
112.496 72.1824 132.551 167.319 
118.326 74.2881 145.724 163.252 
120.092 74.3864 148.762 162.877 
121.186 75.6968 140.519 160.418 
123.166 75.3222 145.493 161.442 
121.406 72.7524 153.162 166.609 
121.861 73.0888 152.935 162.471 
116.275 66.0888 158.913 159.442 
117.139 68.4278 163.91 159.207 
118.971 68.063 172.009 152.453 
119.788 68.7628 173.967 148.247 
120.423 70.1016 170.156 140.657 

100 80 170 120 
98.1094 78.3947 152.515 104.278 
98.7515 78.1345 146.746 120.136 
97.1783 77.5815 151.682 128.038 
94.6242 75.8834 146.19 135.232 
92.5287 74.9609 143.974 138.129 
88.656 70.8537 141.321 145.311 
88.4124 68.8034 138.001 151.864 
88.0594 68.9017 134.645 157.993 
92.6439 65.2286 133.046 159.502 
96.7015 66.3515 136.94 163.016 
95.6228 66.5159 137.757 166.329 
99.7622 64.9041 143.676 168.159 
105.356 66.8282 149.046 163.299 
107.352 68.0149 152.008 160.988 
110.228 68.1405 152.547 158.005 
112.318 66.8153 155.459 155.623 
113.23 65.0227 157.589 154.116 
113.431 64.3053 159.766 152.535 
112.679 64.5372 162.292 150.758 
113.047 66.498 165.473 147.801 
114.233 68.4588 168.534 145.348 
116.809 69.4173 169.632 143.13 
120.565 70.377 170.119 139.948 


----------------------------------------------------------------
187.534 secs
0
1
2
3
4
5
6
7
8
9
10
11
12
13
14
15
16
17
18
19
----------------------------------------------------------------
Best Fitness: 912951
Worst Fitness: 938699
----------------------------------------------------------------
P_h: 
98.5 49 0 211.33 
64.1977 50.164 0 206.19 
93.6809 63.2581 41.4776 225.21 
63.3067 81.1602 50.3225 237.639 
74.9997 59.3172 56.064 243.05 
62.9134 68.5664 7.26749 288.131 
73.616 57.5957 54.2455 282.25 
63.6349 47.4538 18.9562 275.238 
92.9294 48.659 30.8771 240.568 
75.973 50.4068 54.3235 287.595 
86.9242 59.1826 54.5937 274.4 
88.3556 52.5542 56.2485 248.334 
93.7538 77.9665 0 249.08 
65.2511 68.7728 43.0092 291.448 
66.0221 52.8492 23.6924 297.892 
66.5 85.4767 55.6103 291.669 
67.181 56.2464 55.3452 304.648 
66.9153 62.5502 57.1813 297.37 
66.9657 59.9222 57.671 278.415 
97.487 57.1419 57.2757 233.594 
66.5001 64.8692 40.9684 253.853 
91.7677 77.7797 58.6567 234.481 
66.5372 77.68 52.3132 275.797 
66.8927 71.3805 55.6035 239.816 
----------------------------------------------------------------
Best: 
15 6 30 13 1011.17 
6.34319 6 27.6286 13.8779 1069.45 
12.318 7.89486 19.311 13.7931 936.374 
6.34319 12.1035 16.2357 13.6027 857.572 
8.14118 7.50642 13.3368 13.6027 856.569 
6.34319 9.42975 25.1976 20.2665 983.122 
7.87689 7.64122 15.4707 20.8401 1182.29 
6.34319 6 23.5396 18.1756 1594.72 
12.0579 6 21.3143 13.6027 1826.97 
8.0817 6 12.6907 19.0423 1851.7 
9.96148 7.1317 14.4378 16.4717 1754.9 
10.2956 6 12.5866 13.6027 1864.51 
11.7949 10.6737 28.5625 13.6027 1809.2 
6.34319 8.7774 18.8757 20.2602 1731.52 
6.34319 6 22.6887 19.7022 1689.54 
6.34319 13.0949 11.8987 18.6749 1570.74 
6.39299 6.89978 10.3539 20.4273 1646.58 
6.34319 8.12322 11.3861 20.9018 1655.98 
6.34319 7.75975 15.2452 19.2474 1777.03 
11.5761 7.23436 15.3581 13.6027 1834.5 
6.34319 8.47002 20.5437 16.1019 1813.81 
10.3313 11.6091 14.6257 13.6027 1657.31 
6.34319 12.5435 17.7095 18.7133 1377.67 
6.34319 11.4405 16.5738 13.911 1156.31 


Volume: 
100 80 170 120 
102.657 82 150.571 108.522 
98.3388 83.1051 150.26 126.329 
98.9956 80.0016 148.368 140.355 
96.8544 80.4952 156.349 146.063 
97.5113 78.0654 149.39 142.032 
97.6344 76.4242 157.164 134.529 
100.291 77.4242 149.474 141.551 
98.2333 79.4242 146.466 143.419 
101.152 82.4242 148.76 147.916 
103.19 84.2925 153.38 152.759 
102.895 86.2925 156.875 151.847 
102.1 83.6188 148.274 152.682 
107.756 83.8414 149.825 145.008 
112.413 86.8414 147.932 153.869 
116.07 81.7465 155.05 154.069 
118.677 81.8467 161.817 156.331 
120.334 79.7235 164.774 147.328 
120.991 78.9637 170.016 138.434 
115.415 79.7294 168.901 136.218 
116.071 80.2594 164.824 135.361 
113.74 77.6503 171.534 137.116 
116.397 73.1068 168.402 138.947 
120.054 69.6663 170.63 139.661 

100 80 170 120 
99.2232 78.6636 151.847 103.226 
98.2558 78.2569 139.466 117.636 
95.9547 76.831 148.958 122.513 
92.0945 73.5592 144.634 127.459 
90.3372 72.0519 141.534 126.355 
89.3595 68.6535 150.531 137.737 
89.8279 67.3857 150.403 147.358 
92.5942 66.7771 146.669 142.171 
94.0804 67.5031 145.654 148.806 
97.8554 69.9168 140.497 151.683 
99.1404 69.9611 144.296 153.921 
102.823 70.4804 149.086 157.071 
106.845 69.7032 148.885 156.441 
108.826 70.1322 151.815 153.486 
111.952 67.1387 154.423 153.751 
112.872 66.1794 158.679 152.254 
113.117 65.1248 156.159 149.849 
112.8 64.7666 162.209 146.601 
111.657 65.4351 163.767 151.142 
112.536 67.0018 166.182 144.854 
113.577 68.2302 168.753 143.723 
115.85 69.3309 169.328 141.645 
119.634 70.4683 170.123 139.94 


----------------------------------------------------------------
174.438 secs
0
1
2
3
4
5
6
7
8
9
10
11
12
13
14
15
16
17
18
19
----------------------------------------------------------------
Best Fitness: 910953
Worst Fitness: 944197
----------------------------------------------------------------
P_h: 
98.5 49 0 276.85 
82.2014 55.6909 0 230.979 
89.2912 63.0386 7.90323 204.902 
82.5833 73.932 14.2262 222.527 
91.6136 75.182 0 228.632 
80.0568 47.2964 0 258.121 
60.1172 53.8531 0 282.484 
60.8626 43.2975 0 297.593 
59.9523 55.7946 23.4242 312.087 
94.9246 59.1339 46.1599 321.174 
59.8433 40.0562 35.8019 292.81 
85.9057 37.3267 40.0897 329.813 
98.2123 37.5805 51.2544 296.63 
95.5874 46.2415 40.6626 288.121 
62.5456 71.4592 24.8218 313.904 
95.2495 42.6212 0 279.979 
63.1032 39.7096 49.1545 303.539 
62.7261 62.7115 49.1823 345.079 
62.8816 40.4879 51.4573 343.706 
61.8231 41.8023 53.6558 276.225 
62.0065 44.0479 54.4166 274.582 
62.4609 46.2216 56.5209 262.285 
62.8434 47.6308 57.0334 249.675 
63.3053 48.4852 57.0686 246.568 
----------------------------------------------------------------
Best: 
15 6 30 25 945.65 
9.20738 7.66759 29.047 17.1134 1021.97 
10.4751 8.95221 24.422 14.6374 966.802 
9.10465 11.3426 23.6013 14.6374 876.395 
11.1162 13.3757 25.9229 14.6374 871.084 
8.93354 6.90592 29.047 18.8098 993.625 
5.92088 8.3853 25.3094 20.4345 1229.54 
5.92088 7.069 29.047 20.876 1575.55 
5.92088 10.0521 20.8077 20.4317 1777.79 
12.3561 10.2545 10.5925 20.6535 1790.12 
5.92088 6.90592 18.9432 18.0591 1780.31 
9.77614 6.90592 17.0361 25 1801.47 
13.9703 6.90592 13.8169 18.3514 1733.37 
11.7867 7.97006 17.665 15.8735 1726.91 
5.92088 14.5182 21.8199 20.7898 1657.35 
10.9658 7.20827 29.047 14.6374 1660.53 
5.92088 6.90592 10.5925 17.6296 1675.14 
5.92088 11.7212 10.5925 22.9218 1623.28 
5.92088 6.90592 10.9018 25 1753.25 
5.92088 6.90592 10.5925 14.6374 1858.23 
5.92088 6.90592 10.5925 14.7191 1817.48 
5.92088 6.90592 10.5925 14.6374 1699.47 
5.92088 6.90592 10.5925 14.6374 1431.69 
5.92088 6.90592 10.5925 14.6374 1174.21 


Volume: 
100 80 170 120 
100.332 73.2782 149.328 109.4 
103.332 73.4773 137.777 102.342 
103.251 73.6213 139.139 117.326 
102.621 66.8995 132.989 122.802 
98.3292 67.8995 128.421 123.219 
99.4563 64.8808 118.034 136.392 
102.719 61.012 118.226 147.642 
98.7833 57.0413 122.099 163.515 
100.98 60.0413 122.599 171.398 
98.3471 58.1096 130.832 159.451 
102.801 54.6652 124.734 161.707 
101.201 54.9805 139.367 161.268 
107.057 57.9805 131.346 173.632 
112.379 59.6626 138.144 163.317 
116.198 59.0195 130.668 177.816 
117.318 57.6654 132.946 174.595 
113.793 57.6654 133.048 183.773 
115.132 58.6654 140.57 174.256 
107.67 60.3782 151.45 173.019 
108.758 63.3782 155.111 170.019 
111.758 66.3782 166.572 156.551 
114.79 68.3782 169.772 143.084 
119.79 69.6136 170 139.933 

100 80 170 120 
99.7926 80.3324 149.153 105.287 
97.3175 80.3802 143.731 122.249 
95.2129 78.0376 137.337 136.659 
90.0967 72.6619 132.557 146.443 
88.1631 72.756 125.567 151.235 
90.2423 70.3707 125.716 156.723 
93.3214 70.3017 120.978 164.894 
97.4005 68.2496 113.997 169.772 
96.0444 66.9951 118.711 178.165 
102.123 69.0892 113.758 180.914 
102.347 70.1833 121.13 166.507 
99.377 71.2773 127.488 167.098 
99.5904 72.3073 129.505 168.261 
104.669 66.7891 131.562 161.288 
103.704 67.5808 123.207 164.316 
106.783 67.6749 128.506 168.506 
108.862 61.9537 145.397 174.631 
109.941 62.0478 148.624 160.224 
110.02 63.1419 151.859 156.179 
111.099 65.2359 160.908 152.361 
113.178 67.33 165.143 148.316 
116.257 68.4241 168.377 144.272 
120.337 69.5182 170.611 140.227 


----------------------------------------------------------------
167.511 secs
