0
1
2
3
4
5
6
7
8
9
10
11
12
13
14
15
16
17
18
19
----------------------------------------------------------------
Best Fitness: 908337
Worst Fitness: 968324
----------------------------------------------------------------
P_h: 
98.5 88.6 0 276.85 
64.7938 72.302 3.8831 233.047 
82.4057 70.754 0 236.806 
72.6063 67.4005 11.1809 250.01 
69.5508 57.8895 2.08238 272.323 
90.1301 67.6467 0 276.193 
68.4284 59.7315 30.724 266.94 
87.0907 60.9479 42.3263 291.304 
87.1585 60.3447 52.8032 309.659 
74.7253 65.9086 51.2854 319.921 
85.5351 52.1757 27.5722 286.662 
80.2518 58.6841 50.8966 272.83 
65.9072 57.0798 11.7622 274.816 
69.0268 56.561 45.7778 294.692 
94.4607 49.6008 29.6327 290.496 
78.6351 53.2137 54.7419 295.399 
66.4821 45.8731 57.3955 287.998 
93.6267 58.8647 52.5306 293.582 
73.5675 46.656 56.3845 306.749 
63.8202 43.2828 57.5154 264.194 
60.8632 46.0193 59.4901 262.417 
61.1684 47.072 59.8636 296.803 
61.5348 47.1735 60.0943 278.766 
61.8805 48.0381 47.2908 249.51 
----------------------------------------------------------------
Best: 
15 15 29.8144 25 906.05 
6.42281 10.2596 25.8037 18.7585 1015.97 
9.17993 10.0798 27.7527 16.301 970.034 
7.57465 9.442 24.2735 16.6901 888.803 
7.17428 7.67733 25.329 18.4767 888.154 
11.5882 9.85104 26.8054 18.0206 976.03 
7.17178 8.64719 20.3727 15.5106 1224.18 
10.8292 9.18042 17.8408 17.4485 1518.33 
10.964 9.24165 12.5473 20.1375 1730.03 
8.14588 10.7788 15.6553 23.58 1808.16 
10.0705 7.80673 21.9544 18.3539 1778.06 
8.93078 9.17056 16.2081 16.5721 1847.34 
6.54364 9.0016 24.6381 16.119 1820.44 
6.81184 8.8827 18.2718 19.3097 1733.94 
11.3501 7.4316 21.7105 17.6588 1665.81 
8.13994 8.05594 14.0329 18.355 1588.01 
6.39516 6.81825 12.5659 16.7478 1672.25 
11.0152 9.66132 17.054 17.9562 1641.4 
7.41591 7.42602 15.0198 21.8241 1756.64 
6.13416 6.73051 14.8365 15.1443 1851.19 
5.75442 6.9242 13.4912 14.9339 1811.21 
5.75442 6.85088 12.4417 20.6591 1655.09 
5.75442 6.73051 12.6687 18.4902 1402.43 
5.75442 6.73051 19.3807 14.9183 1183.28 


Volume: 
100 80 170 120 
102.577 77.7404 152.396 103.642 
101.397 76.6606 143.644 118.755 
100.823 76.2186 142.793 127.868 
99.6483 76.5412 139.903 137.144 
95.0601 73.6902 134.753 143.397 
95.8884 71.043 133.996 153.216 
94.0592 68.8626 137.421 162.573 
93.0952 67.6209 142.896 162.808 
95.9493 65.8422 147.717 157.068 
97.8788 67.0354 146.907 151.262 
98.948 65.8649 150.087 150.345 
103.404 64.8633 150.298 156.18 
108.593 64.9806 151.764 153.079 
108.242 66.549 148.767 160.058 
110.103 66.493 152.548 159.975 
112.707 66.6748 162.215 164.938 
109.692 63.0135 162.732 161.014 
109.276 62.5874 163.164 151.756 
109.142 63.8569 167.161 153.666 
110.388 65.9327 172.747 153.752 
112.633 68.0818 175.865 147.929 
115.879 69.3513 176.681 142.93 
120.124 70.6208 169.979 140.454 

100 80 170 120 
97.9794 79.3 151.97 103.175 
98.0623 76.7542 146.019 114.425 
95.671 77.2594 154.688 123.08 
94.308 77.7352 152.824 131.161 
89.5456 74.3537 148.479 133.024 
87.6996 71.98 146.741 136.323 
88.7361 68.2257 140.761 145.484 
88.5297 65.2565 146.305 147.335 
92.6373 66.4974 145.626 154.235 
94.9045 67.2594 147.814 152.482 
97.3397 66.1549 149.576 152.999 
101.193 65.8146 152.918 156.205 
105.315 67.2858 155.281 158.434 
108.578 68.9649 157.75 156.695 
112.062 67.9426 159.388 154.084 
112.821 67.8217 163.491 153.148 
112.044 65.7211 163.043 151.957 
112.353 65.5321 167.356 144.782 
111.617 66.322 164.816 143.716 
112.375 67.8375 167.915 142.162 
113.759 69.3194 170.39 145.125 
116.521 69.6685 170.88 142.693 
120.264 70.1545 170.112 140.142 


----------------------------------------------------------------
131.339 secs
0
1
2
3
4
5
6
7
8
9
10
11
12
13
14
15
16
17
18
19
----------------------------------------------------------------
Best Fitness: 886545
Worst Fitness: 1.35173e+006
----------------------------------------------------------------
P_h: 
0 0 0 0 
0 0 0 0 
0 0 49.8679 247.666 
0 20.6568 0 0 
68.5923 0.00348727 0 0 
0 0 48.7286 0 
0 0 0 0 
0 0 0 116.671 
79.7065 75.1855 45.5322 0 
0 62.2327 0 181.978 
0 62.4147 27.06 0 
98.0917 0 0 128.164 
0 54.2538 0 0 
0 75.6731 0 329.468 
0 0 0 0 
60.1059 2.72007 0 0 
0 0 0 141.334 
106.068 71.2191 0 258.128 
0 27.3481 49.8113 0 
47.6127 0 0 322.675 
0 78.3331 50.6961 47.137 
100.282 0 57.9581 125.004 
0 31.308 58.1431 303.711 
0 0 0 240.462 
----------------------------------------------------------------
Best: 
-78.3514 188.232 138.589 -60.2515 1206.86 
-16.8161 -50.63 193.053 81.2765 1209.71 
-29.1798 0.512681 16.0619 17.3519 1297.35 
37.7948 2.87117 122.495 -29.8538 1012.79 
7.56467 34.3778 40.054 -28.4217 258.454 
-33.4565 42.3853 17.5555 151.371 17.7321 
-15.9273 66.8068 83.5732 99.1757 799.585 
92.043 -74.7243 120.967 54.9938 1746.97 
20.8531 16.0077 7.72445 -10.6714 1446.97 
-16.8908 10.3729 48.9139 7.67455 1898.46 
73.2557 10.2647 20.5968 -162.578 1958.08 
16.6928 45.6166 48.7756 55.855 1860.6 
-55.3349 26.4833 -46.73 119.568 1288.76 
-22.6605 13.7228 27.5386 36.3381 1737 
40.0148 -8.66768 -4.68777 -135.974 2578.53 
5.61886 1.30408 -11.8194 -4.73482 1683.58 
-18.6526 -2.27494 -61.58 54.6323 1354.36 
15.7668 12.0112 -14.7549 13.8397 1304.64 
-12.2369 4.28056 8.26389 90.909 937.076 
4.25967 -2.68985 36.663 31.7344 2075.02 
-15.0938 14.3265 17.6669 -0.606441 1871.41 
19.653 36.3923 13.8658 4.11112 1705.03 
-7.45148 4.46367 14.4948 34.0673 1531.17 
-9.14623 -9.24642 -42.2146 13.9085 1332.45 


Volume: 
100 80 170 120 
97.5246 75.9991 153.417 106.354 
91.7706 72.7888 145.669 121.907 
90.7696 74.3573 151.125 130.645 
88.8693 71.5302 154.204 134.933 
87.6378 68.8493 154.092 141.906 
86.0547 66.4476 145.896 148.927 
87.873 63.4579 146.038 151.52 
90.6912 61.7685 140.804 155.484 
93.05 63.2817 135.237 154.374 
97.8682 64.1011 127.885 158.165 
100.211 64.4309 135.333 164.269 
102.388 65.0498 136.135 173.746 
106.869 66.4897 137.258 166.588 
110.687 67.9553 143.902 165.206 
113.505 68.7958 145.419 164.686 
115.324 68.1152 149.333 161.088 
116.14 66.8703 153.186 160.425 
115.958 66.1866 155.622 157.206 
114.776 66.6311 158.582 152.564 
114.594 68.2085 161.949 149.424 
115.413 69.5456 165.718 146.282 
117.231 69.9901 168.55 143.295 
120.049 70.4346 170.058 140.345 

100 80 170 120 
97.4458 76.3707 150.05 102.141 
95.7171 75.9276 139.922 114.283 
93.169 73.0082 145.654 125.479 
91.2561 69.981 142.486 133.013 
89.1462 69.7242 141.97 136.564 
89.5714 67.9809 148.363 149.03 
90.1976 65.2021 151.17 151.915 
90.6639 65.934 141.347 150.972 
90.6593 63.7598 134.529 148.836 
93.751 64.9287 129.596 154.276 
94.3777 64.8978 134.412 161.048 
97.177 63.7202 139.019 164.632 
100.881 64.6145 143.128 162.81 
101.83 63.5228 150.058 162.187 
103.848 64.0289 154.798 159.202 
105.617 61.6115 155.821 153.04 
107.52 60.4976 160.662 150.712 
108.81 60.9849 162.773 150.678 
109.121 62.4722 166.598 148.18 
110.489 64.9595 167.057 145.8 
112.757 67.4468 168.893 143.688 
116.114 68.9341 169.906 143.247 
120.481 70.4214 170.021 140.817 


----------------------------------------------------------------
131.555 secs
0
1
2
3
4
5
6
7
8
9
10
11
12
13
14
15
16
17
18
19
----------------------------------------------------------------
Best Fitness: 756760
Worst Fitness: 1.24705e+006
----------------------------------------------------------------
P_h: 
0 0 0 0 
0 0 0 0 
0 0 24.0423 0 
0 0 0 0 
86.7201 0 0 0 
0 24.6797 15.8717 0 
0 0 27.9036 0 
0 0 0 0 
0 0 0 0 
0 0 0 0 
0 0 0 0 
0 0 0 0 
0 0 0 0 
0 0 0 0 
0 0 0 204.71 
0 0 0 0 
0 0 0 0 
0 0 0 0 
0 0 36.8338 0 
0 75.1011 0 0 
0 77.6677 0 0 
0 0 0 0 
0 80.9181 0 0 
0 77.6833 58.7837 193.829 
----------------------------------------------------------------
Best: 
-533.616 -13.2343 571.406 1315.91 3968.31 
143.865 -97.3659 147.365 87.3813 2283 
-197.649 -3.23253 2.63892 -73.8454 -5109.05 
-525.421 49.7832 87.8477 143.246 -198.363 
17.953 -119.27 -486.132 -32.4592 36.0426 
-295.369 2.98014 1.21845 -356.482 15.7694 
-118.309 367.932 3.11088 -175.826 -1915.24 
250.202 361.345 71.2505 109.034 -1907.91 
652.073 -37.359 844.648 140.928 73.6994 
1451.69 -43.4245 -242.726 -98.0613 263.255 
247.918 -21.7719 -267.398 -110.719 -1825.15 
134.363 81.0829 -342.782 -74.3299 396.215 
57.4465 0.123665 207.172 -163.967 -175.728 
-149.539 -146.161 211.006 121.113 5533.85 
-856.207 89.1498 513.381 9.09634 917.785 
-840.222 231.476 492.904 -283.296 3934.23 
-336.332 197.961 -1472.66 87.8328 -246.789 
-202.899 -23.7485 -333.771 304.759 809.925 
-12.0592 -4.04092 4.62828 -17.1851 1761.61 
-118.299 21.9416 -69.259 -100.983 3203.58 
-78.9418 14.4572 -38.4544 -172.571 1945.52 
-17.462 -95.9366 -27.6069 -24.8352 -21.1086 
-124.723 15.052 118.652 -89.9958 3810.87 
-15.4798 21.7901 12.2061 9.45331 1163.06 


Volume: 
100 80 170 120 
96.6504 78.0071 152.184 106.212 
96.0918 79.764 146.243 121.411 
90.0393 80.4437 149.944 132.712 
85.8673 80.7843 149.847 138.311 
86.3695 79.7372 157.404 147.769 
85.0166 77.6728 156.432 147.617 
85.7621 72.3166 151.585 143.458 
89.4182 72.3979 157.211 148.246 
94.1557 69.475 154.349 152.486 
99.1362 70.6629 152.478 147.519 
96.22 67.5791 146.651 151.093 
100.408 67.1953 148.398 152.731 
103.325 67.9886 148.236 153.583 
108.033 68.7364 152.804 160.159 
109.468 69.6155 156.312 164.346 
111.143 68.7215 158.057 162.795 
112.212 67.5366 161.617 164.117 
112.944 66.7735 164.129 159.752 
112.616 67.6564 165.546 156.214 
112.68 67.0903 168.47 148.464 
113.662 68.9762 169.884 146.552 
116.313 69.8616 167.674 142.266 
120.051 70.0443 170.206 140.764 

100 80 170 120 
100.242 80.6907 155.393 108.04 
99.2988 78.9781 154.128 124.153 
95.5019 77.9041 156.561 130.821 
94.7692 74.9437 154.085 131.994 
91.8334 75.1685 156.089 129.597 
93.1007 70.9613 156.732 136.132 
91.5637 69.9556 169.245 142.528 
92.102 69.558 166.364 144.744 
94.4862 70.1732 166.223 139.195 
97.9356 71.3539 162.332 141.257 
100.657 73.3539 165.002 147.272 
102.966 74.2138 165.827 150.586 
107.481 74.8012 163.742 148.044 
111.643 75.4116 162.975 148.043 
114.91 73.6107 162.034 151.136 
116.075 74.4184 161.415 151.901 
117.342 73.2115 160.149 153.358 
114.776 70.4601 168.402 150.755 
113 71.646 169.784 154.783 
113.267 70.6367 168.221 149.849 
114.535 71.5722 171.032 145.547 
116.802 71.0538 167.874 146.878 
120.069 69.888 170.158 139.884 


----------------------------------------------------------------
121.555 secs
0
1
2
3
4
5
6
7
8
9
10
11
12
13
14
15
16
17
18
19
----------------------------------------------------------------
Best Fitness: 863720
Worst Fitness: 1.28756e+006
----------------------------------------------------------------
P_h: 
61.2849 0 0 0 
0 27.0416 0 258.647 
97.5668 0 0 0 
0 55.6328 35.0528 0 
0 90.0356 0 297.767 
91.9686 88.9463 0 0 
0 0 0 225.328 
0 0 0 253.433 
0 44.446 50.7462 240.956 
11.5978 89.5512 0 302.712 
44.7324 66.4176 0 0 
0 0 0 223.774 
0 0 0 0 
51.632 77.464 47.9916 0 
104.205 0 0 337.518 
0 13.5067 30.0681 0 
0 60.1228 0 310.783 
83.5397 88.2032 0 172.098 
96.1123 0 0 274.35 
57.975 52.3827 0 0 
57.6096 0 0 145.989 
61.4103 73.0872 0 169.734 
0 15.8347 0 271.686 
0 19.0119 0 239.327 
----------------------------------------------------------------
Best: 
6.051 133.039 -59.2913 -100.673 295.093 
-27.2446 3.10875 64.5301 28.8212 1313.02 
13.925 73.7129 29.5433 95.7718 1059.7 
-7.70235 7.10626 20.6033 -17.4055 1123.02 
65.1371 18.4848 31.9885 32.5439 818.888 
19.041 19.9178 266.771 87.2511 701.42 
-12.3617 89.8165 57.4487 45.8792 1300.71 
293.882 -19.6355 -30.6589 14.2043 497.333 
-81.3772 5.40967 14.6824 12.1438 2152.38 
1.04792 14.7993 -2.57343 39.6472 -306.644 
4.02113 8.85596 85.7265 69.5434 2027.22 
-17.9185 -17.9473 89.765 10.1449 2417.2 
-18.2058 36.6996 -11.9406 143.941 1295.85 
4.68937 10.9191 14.6246 118.612 707.486 
17.4438 -7.82381 -43.6836 23.1399 1707.2 
-33.6211 1.68359 3.58981 -105.404 2557.82 
-1.37519 27.4771 -17.9059 19.7159 1792.4 
23.8424 16.7714 -17.4877 6.87428 1571.29 
11.1076 -6.34297 27.4676 43.2068 1573.63 
5.33581 7.12204 49.2403 69.8106 2073.31 
5.28616 -11.5599 -2.92311 4.96715 2065.91 
5.69667 24.1729 -46.2948 6.82858 1603.81 
-1.21739 2.60698 -101.745 16.5209 1413.44 
-4.97766 3.01255 -29.7362 13.8566 1123.02 


Volume: 
100 80 170 120 
103.095 82 152.296 106.783 
99.9627 79.9574 155.011 124.178 
97.7714 78.6042 148.109 135.878 
98.0547 78.9184 148.469 136.414 
97.9845 79.0549 150.425 141.407 
97.5308 79.0549 145.734 145.109 
100.814 77.5572 144.989 151.186 
105.097 79.5572 140.808 160.742 
107.057 81.8253 129.113 160.041 
108.656 79.3505 127.395 158.339 
112.939 76.6326 132.597 168.546 
113.129 78.2105 128.977 171.273 
113.077 81.2105 131.916 168.908 
113.771 83.1264 141.894 175.088 
118.054 81.4294 151.282 170.578 
118.572 76.7732 146.117 166.538 
120.855 76.7732 142.159 155.886 
117.247 71.3593 150.951 158.738 
117.53 73.3593 158.936 162.265 
118.814 70.4035 167.157 158.448 
120.761 73.4035 176.004 153.408 
122.055 70.2751 172.57 149.59 
120.717 69.6046 170.496 139.67 

100 80 170 120 
101.461 80.8841 159.909 107.378 
101.922 82.2114 156.22 123.957 
97.2288 78.5998 154.803 127.226 
95.48 79.5382 157.649 134.769 
94.9412 79.4766 154.719 136.704 
95.4023 75.6319 163.272 133.969 
96.8635 75.5565 159.948 145.244 
99.3246 75.9965 158.962 144.698 
102.786 74.5015 154.721 149.601 
104.739 76.4399 150.641 151.166 
107.2 72.4697 152.932 158.768 
110.661 69.7702 162.666 155.228 
115.122 71.7086 165.458 147.891 
118.34 69.6813 173.159 147.677 
120.233 70.6197 167.392 145.395 
118.239 67.1772 166.083 144.548 
118.7 66.1156 168.344 145.584 
118.161 63.2336 166.368 148.715 
116.622 64.172 170.541 152.567 
115.662 66.0035 172.334 148.63 
116.123 67.9419 174.282 140.756 
117.584 68.7192 175.496 137.835 
120.045 69.6576 170.402 139.652 


----------------------------------------------------------------
124.004 secs
0
1
2
3
4
5
6
7
8
9
10
11
12
13
14
15
16
17
18
19
----------------------------------------------------------------
Best Fitness: 691675
Worst Fitness: 1.71979e+006
----------------------------------------------------------------
P_h: 
0 0 0 0 
0 0 0 0 
0 0 49.4752 0 
0 0 0 0 
0 0 0 0 
0 0 0 0 
0 0 30.4216 0 
0 0 33.9645 136.143 
90.8353 0 0 0 
0 0 0 0 
92.3491 0 0 0 
0 31.7619 0 48.1324 
0 0 42.765 128.709 
0 0 0 201.21 
0 0 0 0 
0 0 0 0 
0 0 0 0 
0 77.6886 0 78.6659 
0 0 0 0 
73.7763 0 0 0 
104.509 0 31.0766 0 
0 0 0 247.432 
0 0 0 0 
0 83.3197 0 0 
----------------------------------------------------------------
Best: 
-24.4766 -743.896 -49.3085 -221.314 -208.376 
106.041 49.9271 -472.01 -81.2079 353.53 
299.344 36.1214 16.2853 93.0052 548.371 
-100.748 130.835 70.9567 171.618 887.672 
76.1308 -84.2793 -446.443 108.429 1361.82 
79.1774 -91.5591 -24.7249 -781.374 -398.261 
-45.2138 -657.862 20.5709 -35.257 1654.54 
-240.21 422.464 20.0807 5.10253 122.42 
16.1201 164.145 298.697 412.482 270.785 
-6.72447 -410.622 489.779 195.163 2276.56 
17.1546 -71.8261 -506.218 245.52 -3328.65 
-124.788 30.1199 -117.508 -0.661683 955.227 
380.382 -104.336 6.75419 4.02562 1288.16 
31.881 -8.38099 36.6867 8.82852 1087.19 
-113.404 63.4675 160.977 183.805 1118.73 
-102.87 58.4671 153.225 88.2786 2270.56 
64.7185 -99.1354 31.8361 -160.423 1576.68 
-37.8948 19.0589 643.655 57.5416 1540.47 
94.101 37.9604 -11.8915 -78.7779 5097.94 
24.4319 39.4425 -111.168 -466.175 1011.53 
16.5726 -101.53 22.5043 -5.05658 1492.42 
-159.292 -335.359 144.253 14.3539 1715.19 
35.2124 -7.28436 -161.62 -5.53531 991.608 
34.395 17.259 337.325 118.924 -1491.29 


Volume: 
100 80 170 120 
99.0447 77.2997 153.546 100.934 
97.8104 78.3538 145.961 111.505 
97.2107 78.6931 149.288 118.229 
93.799 77.6735 146.083 123.313 
88.3109 72.5454 141.416 128.046 
88.004 70.3311 135.645 135.956 
88.7957 67.0577 138.684 140.94 
87.2929 65.2309 139.235 149.039 
86.5897 66.357 138.336 151.68 
91.6936 65.8541 140.928 153.492 
94.6009 66.1415 142.217 153.342 
99.2023 65.4448 142.199 154.037 
102.221 65.441 144.133 160.047 
106.37 66.1693 147.494 161.171 
109.976 66.2281 152.199 159.594 
111.185 66.07 153.903 156.488 
112.324 64.8005 157.08 153.824 
112.663 64.113 160.692 151.919 
111.937 64.933 162.923 148.739 
112.745 66.6393 165.181 146.224 
114.553 68.5849 167.76 143.366 
116.85 69.5309 169.345 141.6 
120.658 70.4769 170.044 140 

100 80 170 120 
97.0035 78.9712 158.162 103.618 
94.407 76.9173 147.162 115.377 
93.194 75.1954 154.086 120.615 
89.7398 75.5778 152.091 127.997 
85.1077 75.0695 150.622 132.493 
84.7094 73.5228 149.876 133.2 
87.1679 71.5829 146.978 140.91 
90.6263 69.667 141.505 150.032 
90.6391 67.6942 133.705 151.199 
96.0975 66.5719 127.152 153.966 
96.6416 65.6634 132.7 157.458 
101.1 66.0322 141.981 164.079 
105.318 66.2537 145.114 160.445 
109.768 67.626 144.047 151.312 
111.457 67.9961 143.521 153.282 
113.91 67.3686 144.754 155.168 
113.105 65.9163 150.436 154.661 
113.555 65.6155 153.362 152.948 
113.009 66.0772 158.175 150.402 
113.462 67.6357 161.921 147.85 
114.916 69.316 165.517 145.661 
117.335 70.0167 168.35 143.108 
120.789 70.7173 170.089 140.549 


----------------------------------------------------------------
121.385 secs
0
1
2
3
4
5
6
7
8
9
10
11
12
13
14
15
16
17
18
19
----------------------------------------------------------------
Best Fitness: 633830
Worst Fitness: 1.50767e+006
----------------------------------------------------------------
P_h: 
0 0 0 0 
0 0 0 0 
0 0 0 139.966 
0 0 0 0 
0 0 0 0 
0 0 0 119.036 
0 0 0 0 
0 0 0 244.355 
0 0 0 0 
0 0 0 0 
0 0 0 253.486 
0 0 0 0 
0 0 0 297.896 
0 0 0 263.418 
0 0 0 0 
0 0 51.4062 0 
0 0 0 0 
0 4.23957 0 0 
0 0 0 0 
0 76.7797 0 0 
0 0 0 0 
0 0 0 30.6181 
92.7386 0 0 0 
0 0 57.3715 0 
----------------------------------------------------------------
Best: 
185.096 116.617 -255.485 713.144 64.9678 
-234.455 84.3404 -286.774 310.055 688.309 
61.6942 288.386 54.6568 48.4555 215.091 
-162.49 53.645 -654.669 -257.716 1106.99 
58.9146 361.803 403.847 308.221 -207.398 
113.36 360.258 320.58 4.04121 -542.195 
300.326 -45.6964 248.026 -180.884 1524.34 
729.81 266.485 -726.967 44.7385 364.183 
-106.498 396.77 133.973 771.083 -4405.73 
-96.1103 -259.129 31.2266 751.905 84.5657 
-227.365 175.073 -18.7854 14.7505 4181.12 
-130.302 189.021 193.67 -40.4318 2540.22 
-192.129 -148.448 -542.782 37.2752 -843.184 
429.02 84.9598 354.078 16.2499 761.488 
-598.013 -72.152 -74.5993 -778.1 2159.78 
-2603.08 467.587 8.8265 -45.585 1761.37 
133.261 47.4312 -1318.38 -822.457 -2039.01 
181.447 33.2423 587.653 -21.1485 4004.19 
125.774 209.695 43.3591 85.6307 2026.73 
-140.776 14.5645 -3.57811 1110.48 -10955.5 
67.9198 -47.2364 -298.832 -61.4782 -413.655 
-302.103 -6.84991 -91.5188 -1.33265 2581.08 
21.8605 37.2585 -283.906 286.716 641.434 
-83.538 132.201 15.4763 209.251 -265.267 


Volume: 
100 80 170 120 
102.716 79.9855 156.641 107.808 
104.432 78.8217 147.622 116.494 
102.209 79.4019 147.86 121.421 
98.1362 76.3524 137.95 133.594 
96.5558 76.4285 139.312 139.221 
97.3423 72.679 145.422 146.638 
98.3669 70.0886 148.656 149.315 
97.8357 67.6605 144.404 148.3 
99.5545 69.1069 143.678 148.296 
102.215 70.3588 149.033 145.989 
105.931 67.9186 154.723 148.437 
109.559 67.6648 161.441 148.263 
111.48 66.2295 153.474 143.454 
110.537 67.5583 150.608 141.75 
114.253 66.1534 156.536 150.493 
112.858 66.2295 163.75 157.612 
113.955 65.3056 162.572 155.055 
114.671 64.7068 168.175 152.559 
113.764 65.7829 168.259 153.116 
113.106 66.4932 166.443 145.688 
114.822 68.5693 169.529 143.732 
117.538 69.6454 170.288 144.225 
120.857 70.7215 170.058 140.868 

100 80 170 120 
100.814 80.2797 159.446 103.743 
97.6596 79.9564 156.515 117.03 
95.3691 81.3622 158.225 117.054 
92.547 81.33 158.558 119.635 
91.3087 80.5654 158.269 125.793 
90.276 77.5077 160.075 130.511 
92.4657 74.6421 159.45 136.228 
94.062 74.1582 156.144 136.402 
97.5743 74.8487 154.401 136.601 
101.245 76.5059 155.071 138.54 
102.836 76.5889 157.641 140.568 
106.823 75.9638 157.166 142.505 
111.152 76.1292 161.043 141.435 
113.564 75.5727 157.888 141.728 
116.248 75.7495 157.833 139.04 
118.16 71.5505 160.469 143.017 
118.447 68.4275 159.182 143.767 
118.032 67.8054 160.82 141.859 
116.777 66.8574 164.852 145.211 
115.556 68.3797 166.725 142.218 
116.62 69.8708 169.066 141.557 
118.158 69.9652 171.683 141.093 
120.24 70.505 170.466 139.621 


----------------------------------------------------------------
121.926 secs
0
1
2
3
4
5
6
7
8
9
10
11
12
13
14
15
16
17
18
19
----------------------------------------------------------------
Best Fitness: 910159
Worst Fitness: 2.53577e+006
----------------------------------------------------------------
P_h: 
98.5 88.6 0 276.85 
91.5865 63.2309 48.0361 218.251 
89.9389 63.3516 34.6852 232.315 
73.7967 62.9992 32.8166 249.959 
66.1361 72.5916 43.5761 272.705 
79.2084 62.1915 23.5175 275.324 
61.9855 58.4261 40.6921 259.464 
70.4883 68.5033 38.8331 264.974 
68.5849 63.5188 47.8842 265.171 
83.2345 63.9354 53.6169 264.026 
65.1261 64.0202 7.12419 258.26 
71.8987 50.7961 41.2528 270.394 
80.6475 61.6725 27.6093 263.388 
75.4223 62.5157 9.78621 275.584 
81.7894 54.78 55.2223 266.094 
75.6265 54.3074 49.6647 305.322 
68.097 68.7346 57.0989 276.317 
80.1705 49.8092 52.372 299.659 
77.5653 67.1942 56.2211 278.571 
78.3611 48.4657 58.4461 284.107 
76.1768 48.1599 50.6116 269.15 
67.8535 48.9213 49.7413 257.941 
78.7597 48.6351 58.9104 268.579 
68.3313 48.9865 58.1507 278.547 
----------------------------------------------------------------
Best: 
15 15 30 25 906.05 
11.7458 8.2365 18.3421 15.7236 968.895 
11.7629 8.16792 21.3514 15.0305 939.71 
8.20835 8.00379 22.1292 17.2729 870.429 
7.05993 10.0641 20.0998 21.6392 834.992 
9.50899 8.21497 23.6704 22.4749 969.759 
6.51857 7.76596 20.3673 18.6421 1229.43 
7.71162 10.0682 20.8244 18.557 1557.2 
7.27358 9.20814 18.3604 18.1815 1794.84 
9.77283 9.33856 16.2145 17.4323 1855.19 
6.51857 9.41496 25.4033 16.3331 1835.47 
7.36356 6.95596 19.6794 18.4388 1875.66 
8.62923 8.9368 22.2663 16.0496 1796.68 
7.65304 9.1161 24.7033 17.3438 1776.69 
8.54924 7.55232 12.8622 15.2954 1672.11 
7.55536 7.41072 17.1898 20.0719 1585.08 
6.51857 10.733 12.2622 16.3953 1659.75 
8.16158 7.22978 16.9695 20.3056 1657.99 
7.79727 11.4774 14.8186 17.8617 1760.45 
7.96043 7.47485 13.6939 19.0579 1810.62 
7.65917 7.21081 18.1296 17.1852 1795.9 
6.51857 7.11877 18.6408 16.0158 1695.54 
7.97353 6.95871 14.2254 17.3313 1395.12 
6.51857 6.89535 14.8563 18.8906 1135.98 


Volume: 
100 80 170 120 
97.2542 79.7635 159.858 106.676 
93.4913 80.5956 157.507 123.246 
92.283 81.5918 164.123 124.315 
91.223 79.5277 167.023 124.027 
88.714 78.3127 163.729 123.681 
90.1955 76.5468 161.425 125.139 
91.4839 73.4786 162.174 130.253 
94.2103 72.2705 159.547 132.438 
95.4374 71.9319 159.81 135.83 
100.919 71.517 152.748 137.858 
103.555 72.561 154.05 135.633 
105.926 71.6242 151.641 144.987 
110.273 71.5081 146.716 147.323 
112.724 72.9558 152.439 154.294 
115.168 73.5451 153.839 158.925 
117.65 69.8121 161.242 155.392 
117.488 68.5823 161.38 152.276 
116.691 64.1049 161.491 146.677 
114.731 64.6301 167.692 144.589 
114.071 66.4193 166.589 142.222 
115.553 68.3005 169.386 139.9 
116.579 69.3418 171.295 140.698 
120.061 70.4465 170.168 140.449 

100 80 170 120 
99.9778 75.9713 152.429 105.945 
99.8076 75.2407 146.604 112.921 
98.5529 74.4557 148.609 124.311 
95.5586 74.9653 145.881 131.456 
92.108 72.923 146.795 136.23 
94.1688 67.3096 153.288 141.678 
93.4948 62.2717 152.435 145.813 
96.6522 63.6356 148.717 144.015 
98.6107 66.0486 153.164 147.16 
103.612 67.5926 155.523 149.106 
103.897 66.667 153.003 148.792 
107.352 67.0352 151.217 148.002 
110.492 67.5539 152.806 148.981 
113.852 67.4997 159.422 151.769 
116.867 66.067 157.747 152.69 
120.028 65.9305 158.23 149.003 
120.841 64.166 154.491 150.636 
119.234 63.51 157.101 148.931 
115.648 64.4605 157.631 149.449 
116.953 66.0564 160.177 144.183 
114.797 67.8509 167.021 141.956 
116.3 69.2615 167.941 143.011 
120.49 70.4774 169.957 140.45 


----------------------------------------------------------------
141.053 secs
0
1
2
3
4
5
6
7
8
9
10
11
12
13
14
15
16
17
18
19
----------------------------------------------------------------
Best Fitness: 885075
Worst Fitness: 1.14576e+006
----------------------------------------------------------------
P_h: 
0 0 0 0 
0 76.1449 0 0 
0 0 0 0 
0 0 0 0 
0 0 0 269.22 
0 59.604 38.9653 0 
0 0 0 0 
0 0 0 293.633 
0 0 0 196.927 
0 58.8049 0 0 
0 0 0 0 
0 86.7542 0 322.581 
0 81.9611 51.1511 0 
0 0 0 84.0258 
63.1104 0 0 303.361 
0 0 0 0 
0 84.3064 34.052 0 
0 0 55.5319 0 
84.7639 63.2087 0 0 
105.881 75.4525 0 287.184 
53.8622 30.175 0 19.732 
0 0 41.4502 146.44 
99.1094 35.8409 28.0263 263.288 
83.4135 0 0 0 
----------------------------------------------------------------
Best: 
-117.887 0.0683219 145.764 147.892 751.658 
70.0114 24.5475 64.4311 74.9963 917.501 
110.144 -8.3482 66.6444 -161.437 679.671 
-7.22942 147.197 -8.84828 118.692 -41.4972 
-35.1251 -18.9367 101.58 36.6145 996.103 
63.357 7.82906 5.50455 151.998 108.768 
-212.679 -19.8067 56.15 81.2396 1792.16 
54.5719 112.722 -138.821 19.9056 518.811 
75.2867 -49.5612 61.7869 49.0052 1329.77 
37.169 27.5093 60.457 -71.4129 1512.6 
-0.0119663 -13.0029 71.2285 135.642 1783.69 
-13.2787 17.2445 82.8778 28.8344 1695.78 
-35.3166 13.7759 10.6996 124.993 594.753 
-55.483 -76.5994 81.7705 1.20761 3505.82 
5.972 -1.39962 -49.8316 40.3823 1604.79 
-25.5166 -21.508 -88.1112 -121.074 2530.26 
-4.65765 17.2428 21.2009 -28.0651 1903.29 
-1.18144 -12.1474 14.6526 -4.45651 2351.48 
8.89545 9.78902 -97.5111 88.0534 1106.46 
16.3233 13.0908 -24.9992 18.6525 1807.5 
4.90681 30.7395 102.299 -2.07837 1445.68 
-15.4882 -3.51084 20.5682 5.41839 2119.7 
11.8651 4.99644 2.9868 16.0976 1166.72 
8.59723 -12.0226 31.3052 -21.3015 1279.19 


Volume: 
100 80 170 120 
100.562 78.4679 159.301 105.272 
100.301 79.5891 153.292 119.686 
96.5308 78.4412 150.382 122.375 
94.387 78.0355 146.145 128.302 
92.8737 77.7985 148.139 136.405 
91.5523 76.6058 152.443 146.748 
91.4547 75.0817 149.281 148.769 
94.0582 74.822 143.356 149.116 
97.6618 75.5755 147.56 149.729 
100.306 75.4205 147.534 155.692 
102.91 74.679 142.27 151.035 
106.513 74.3655 140.145 151.099 
109.82 73.9756 144.725 157.604 
113.424 73.1448 146.659 163.516 
116.028 72.5443 149.255 159.392 
117.631 71.6697 153.512 157.147 
117.475 69.7259 157.932 155.732 
117.078 67.9349 156.987 152.861 
115.682 68.1567 157.783 149.867 
115.285 69.1843 162.059 150.177 
115.889 70.1 166.751 148.897 
117.492 70.6404 168.16 144.509 
120.096 70.635 169.989 140.58 

100 80 170 120 
102.33 79.3259 156.376 106.556 
101.173 81.7355 150.543 122.944 
98.7458 80.5921 141.938 127.346 
93.5052 81.9439 139.476 134.197 
93.0006 82.014 137.735 139.112 
94.3304 78.9242 146.618 145.64 
93.8546 76.0852 139.897 150.332 
97.131 77.4863 135.984 150.881 
101.441 76.1137 141.203 157.277 
104.352 76.4835 141.763 156.633 
106.604 75.9411 132.91 154.706 
109.931 75.5664 139.796 154.232 
109.915 75.1403 140.799 163.605 
114.245 69.1403 142.873 164.518 
116.804 67.7751 149.338 162.129 
115.147 61.2747 152.355 159.799 
115.6 60.6911 164.131 158.314 
114.082 60.4653 163.175 153.96 
113.412 61.8782 168.37 145.679 
113.077 64.2869 173.283 150.643 
114.407 66.6794 174.057 150.601 
116.737 68.0939 174.649 143.49 
120.067 69.331 170.711 140.219 


----------------------------------------------------------------
147.298 secs
0
1
2
3
4
5
6
7
8
9
10
11
12
13
14
15
16
17
18
19
----------------------------------------------------------------
Best Fitness: 748382
Worst Fitness: 1.10894e+006
----------------------------------------------------------------
P_h: 
0 0 0 0 
14.7681 0 0 0 
0 0 0 0 
0 0 0 0 
0 0 0 0 
0 0 0 0 
0 0 37.8546 0 
0 0 0 0 
0 0 0 0 
0 0 0 0 
0 0 0 0 
0 0 0 0 
0 0 0 0 
0 0 0 0 
0 67.7776 0 0 
0 0 0 266.312 
0 0 49.8858 283.493 
0 0 0 0 
99.6362 0 0 0 
0 0 0 0 
0 49.9406 0 0 
0 0 0 0 
0 0 0 0 
0 0 0 0 
----------------------------------------------------------------
Best: 
562.777 395.208 1648.47 900.918 -644.253 
1.35486 187.325 -282.956 758.161 -1088.02 
1189.21 -77.5155 378.896 -133.92 677.086 
63.2044 399.975 100.562 188.788 2299.48 
364.948 284.963 986.577 95.0921 928.595 
350.691 -299.531 331.465 448.229 -5292.94 
-170.088 -85.8344 5.39058 -3.68839 271.223 
207.732 -144.983 254.946 101.48 1142.74 
268.724 89.0815 290.25 339.733 244.261 
-127.917 -144.05 -126.615 -138.421 2344.68 
-80.5449 50.976 327.996 1083.28 950.755 
45.2683 -102.837 -71.3431 145.899 -1959.29 
-35.6505 92.7451 -61.3649 491.003 -1.59302 
-53.4419 -72.0414 -103.129 -259.554 2773.68 
-70.5322 10.4744 121.325 127.38 1636.77 
133.163 -230.524 -275.995 15.4646 1975.21 
-759.656 144.51 16.9088 17.5906 1855.53 
-170.663 -205.938 -319.642 153.117 -53.4835 
19.8904 -118.54 -212.005 -62.3627 3587.65 
-33.1824 -33.1525 -36.5695 379.836 996.575 
-66.5078 27.6422 -42.4342 -301.739 -587.109 
-71.3431 -30.4217 -200.239 -85.7117 5449.58 
-3.04626 -22.1038 48.8869 -74.2731 2380.8 
-133.389 -68.2962 -24.8225 -53.3151 777.649 


Volume: 
100 80 170 120 
99.2845 78.6165 158.273 106.687 
97.9819 79.4283 148.149 120.636 
96.5115 79.0456 149.808 121.15 
90.8724 77.377 147.115 130.556 
90.7109 75.0732 140.206 134.795 
88.1323 70.6668 144.208 138.733 
89.6947 67.8497 145.314 144.293 
90.3279 67.9354 147.395 145.644 
93.9718 68.5801 140.976 141.914 
96.7168 68.864 143.028 144.229 
98.603 68.1013 143.01 155.396 
101.877 68.9623 146.722 154.044 
105.723 69.9428 145.741 153.553 
109.103 69.9819 144.77 152.924 
111.075 68.6816 147.947 152.965 
113.624 68.6675 152.147 153.39 
115.028 66.873 152.097 149.682 
115.604 65.8792 153.17 147.123 
114.504 65.8106 155.403 149.967 
114.515 67.3562 159.293 148.761 
114.387 69.193 163.207 145.533 
116.799 69.5652 167.041 142.165 
120.178 70.356 170.531 139.962 

100 80 170 120 
103.02 82 153.475 103.229 
104.27 77.9745 142.849 121.513 
99.3569 80.9745 138.155 132.922 
97.0065 77.2903 136.893 145.607 
95.6101 78.2903 141.12 143.177 
93.8298 72.3852 142.571 143.487 
95.7462 71.3994 148.599 151.823 
93.6877 70.0483 139.717 152.669 
94.9379 72.077 141.642 151.63 
100.851 75.077 149.354 160.229 
104.87 77.077 154.863 164.977 
108.922 79.077 157.463 159.99 
111.953 81.4734 158.452 162.267 
116.973 82.4606 149.402 155.553 
120.993 82.6324 153.051 156.228 
118.437 81.2898 150.987 162.861 
118.318 76.6455 151.572 155.328 
118.896 71.0018 160.467 152.96 
117.232 66.2812 159.487 146.523 
118.252 65.039 167.995 138.432 
115.498 68.039 163.68 139.205 
118.517 68.1109 169.9 129.064 
120.98 69.4961 170.852 139.464 


----------------------------------------------------------------
152.68 secs
0
1
2
3
4
5
6
7
8
9
10
11
12
13
14
15
16
17
18
19
----------------------------------------------------------------
Best Fitness: 694822
Worst Fitness: 1.69688e+006
----------------------------------------------------------------
P_h: 
0 0 0 0 
0 0 0 0 
0 0 0 0 
2.17919 0 0 0 
0 0 0 0 
82.5878 0 0 0 
0 0 0 0 
0 0 0 0 
0 0 0 0 
0 0 0 0 
0 0 0 0 
0 0 0 0 
0 0 0 0 
0 0 0 0 
0 24.0265 0 0 
0 0 0 342.033 
0 0 0 0 
0 0 0 0 
21.8889 0 0 0 
0 0 0 0 
0 0 0 0 
0 0 0 0 
107.65 0 0 0 
0 0 40.7615 0 
----------------------------------------------------------------
Best: 
864.727 537.433 2251.62 778.428 -993.848 
-65.3508 239.759 -292.2 1128.59 -27.1497 
1392.04 -29.6108 234.742 -109.363 401.139 
30.101 394.979 33.3369 213.97 2870.73 
493.703 450.356 794.776 76.9331 1107.05 
10.1804 -691.066 462.509 240.522 -6534.91 
-45.9016 -134.225 -156.368 -105.925 215.879 
50.0414 -222.653 249.622 76.0572 1437.25 
572.448 98.6353 422.803 410.883 249.002 
-87.9662 -146.728 -121.955 -130.549 1859.65 
55.1901 62.2257 135.987 530.108 606.328 
32.8087 -146.254 123.438 187.443 -1215.04 
-94.9863 70.1873 51.3422 234.371 -242.777 
-57.5734 -27.7044 -207.484 -264.244 2391.35 
-111.798 3.4724 151.646 85.7513 1508.02 
159.163 -394.816 -461.055 23.3264 2594.76 
-461.529 80.5799 31.0584 -6.99779 1999.96 
-132.921 -227.362 -237.677 169.841 -770.888 
30.3576 -98.2036 -259.553 -35.9878 2258.56 
-33.3068 -45.4389 -34.9776 517.711 1353.04 
-7.41058 45.0355 -10.1179 -55.2042 -861.078 
-61.5252 -52.8523 -345.275 -88.424 4150.92 
15.7547 -26.4899 -119.205 -163.135 2674.69 
-60.7 -37.5544 5.31392 -128.532 1091.02 


Volume: 
100 80 170 120 
101.886 77.8641 156.975 107.999 
98.2385 76.8423 149.155 122.213 
93.3552 76.7476 141.051 130.029 
89.217 77.8951 139.015 139.189 
89.658 73.3797 138.314 144.081 
91.099 66.5203 141.388 155.597 
91.3822 67.5203 135.513 167.44 
94.8232 66.7566 142.888 169.142 
99.2642 63.6933 151.709 174.964 
104.705 66.6933 138.448 169.124 
108.146 67.3964 143.704 169.469 
107.618 67.9957 142.835 180.537 
113.059 70.9957 138.694 174.227 
113.278 71.2921 149.951 183.237 
116.719 67.7323 149.216 178.766 
119.16 67.8694 155.774 170.93 
120.601 67.8694 162.468 172.223 
118.235 68.8694 156.882 161.802 
117.676 70.8694 160.735 153.432 
118.117 68.0688 167.532 160.88 
117.873 69.8491 163.419 153.515 
120.314 67.3484 162.998 141.065 
120.062 69.3484 171.265 139.345 

100 80 170 120 
102.517 80.3454 161.665 106.599 
104.776 81.038 155.434 121.67 
100.741 82.2771 161.756 121.329 
98.1266 81.9109 161.676 131.111 
97.6816 80.2145 162.037 132.213 
94.7223 78.4106 157.141 131.933 
97.353 75.7315 158.063 136.155 
99.9699 73.3253 163.043 143.094 
103.081 71.8929 159.578 142.57 
103.574 73.1601 157.957 142.099 
104.006 74.4078 156.441 144.145 
108.559 73.458 167.793 144.279 
110.433 72.9172 170.933 149.37 
112.125 72.7243 172.218 147.782 
115.332 72.3055 173.141 146.506 
117.845 71.1925 174.673 140.702 
116.714 68.8385 176.177 142.391 
116.486 68.5214 168.958 145.989 
115.526 68.9107 171.37 144.161 
115.782 70.0726 174.382 149.573 
114.148 70.9904 178.641 146.917 
116.519 71.3659 176.175 145.605 
120.53 70.4786 170.124 139.941 


----------------------------------------------------------------
157.975 secs
0
1
2
3
4
5
6
7
8
9
10
11
12
13
14
15
16
17
18
19
----------------------------------------------------------------
Best Fitness: 774621
Worst Fitness: 2.92069e+006
----------------------------------------------------------------
P_h: 
0 0 0 133.226 
0 0 0 0 
71.213 0 0 0 
0 0 55.446 0 
0 0 0 0 
0 0 0 292.878 
0 68.316 0 314.759 
0 81.4599 0 213.436 
0 0 0 0 
0 0 0 70.6904 
0 0 4.65311 0 
0 0 45.6127 0 
0 0 0 219.811 
0 27.8354 0 249.452 
6.22458 0 0 0 
0 0 0 0 
0 9.60475 0 306.851 
85.3007 44.0723 56.9494 261.544 
100.858 0 57.5214 0 
60.4115 16.5166 0 0 
45.7296 0 0 0 
52.3044 17.276 0 0 
38.9386 77.0896 34.3854 0 
0 0 55.4655 0 
----------------------------------------------------------------
Best: 
281.211 82.1831 80.8913 49.5131 293.465 
-25.0219 92.2355 -292.197 393.006 1012.7 
7.4508 48.0083 95.0974 76.3782 104.823 
108.026 -62.5261 13.7766 -28.2029 969.963 
-31.6898 486.333 53.0398 146.554 903.072 
1142.03 -14.7332 220.924 36.6004 1304.96 
-5.80806 10.4075 77.5943 26.9086 1279.99 
89.866 15.4947 69.8591 11.3129 1736.73 
-8.35192 87.0859 181.518 80.5602 1387.1 
-4.6005 111.674 -3.22679 57.5538 449.744 
-103.414 234.276 -0.307601 99.781 1978.49 
-76.8835 -54.7886 18.7678 93.7766 2199.86 
-52.9748 -83.639 75.6647 47.6589 2016.2 
-9.50637 3.93302 144.834 45.2345 680.888 
31.3076 -5.14347 -67.0467 -23.2473 1932.91 
-442.838 46.2916 51.9962 -46.608 1661.95 
92.6865 2.05709 -180.404 37.4815 2057.18 
23.4066 28.1737 11.17 14.8191 1609.55 
12.5155 -24.3786 12.9838 -169.874 929.199 
5.62477 3.09485 -47.7544 279.99 977.059 
4.06697 -106.823 -107.611 -60.405 2000.34 
27.4007 2.82157 29.1797 -43.9292 2161.68 
3.40476 12.8972 22.2812 94.7447 -557.008 
-24.5205 -33.6728 16.5974 275.097 -76.6539 


Volume: 
100 80 170 120 
99.8724 77.4224 156.888 107.411 
98.8508 79.8507 147.997 123.815 
99.6834 78.114 154.628 130.236 
95.9184 74.0818 152.595 143.417 
93.0626 71.8165 154.507 142.909 
94.2567 71.1092 149.975 146.105 
90.5438 69.7744 158.18 139.083 
90.044 71.2027 160.541 149.88 
94.2986 72.3687 156.868 150.095 
99.4921 73.6219 160.685 148.965 
103.975 74.0893 156.664 157.294 
104.769 71.5931 160.656 152.856 
108.696 71.2342 153.232 155.028 
113.693 69.2367 157.184 148.974 
118.064 70.1569 162.412 152.268 
119.873 68.3351 166.184 154.759 
119.256 64.8847 164.733 153.918 
116.175 63.2295 162.6 147.633 
115.923 64.6578 165.663 152.009 
115.381 67.086 168.245 150.578 
116.528 69.5143 171.729 141.74 
117.156 70.9425 171.538 145.155 
120.517 70.3169 170.253 140.256 

100 80 170 120 
99.8599 77.4516 152.708 104.758 
97.5834 73.5634 143.907 118.869 
94.9079 67.6306 141.578 122.593 
92.5109 64.8559 137.395 131.829 
88.6807 65.4924 136.935 139.614 
87.8717 62.8067 138.596 149.913 
88.6367 58.5814 138.063 155.938 
89.6885 60.1148 136.622 163.751 
92.049 62.7513 129.275 171.133 
94.8994 62.6994 133.877 166.951 
95.9379 62.516 131.073 171.094 
99.6907 62.7434 136.29 168.863 
105.416 65.3799 134.978 170.492 
107.194 66.0281 140.962 166.708 
109.622 64.8657 139.822 172.241 
111.274 60.2906 144.894 165.328 
112.635 59.9271 150.268 163.652 
111.589 59.9618 155.332 159.121 
111.315 61.5983 162.099 156.633 
112.04 64.2347 166.035 154.041 
113.765 66.8712 168.829 148.761 
116.456 68.5077 169.84 142.715 
120.181 70.1442 170.031 140.123 


----------------------------------------------------------------
153.467 secs
0
1
2
3
4
5
6
7
8
9
10
11
12
13
14
15
16
17
18
19
----------------------------------------------------------------
Best Fitness: 885990
Worst Fitness: 2.96259e+006
----------------------------------------------------------------
P_h: 
0 0 17.1811 0 
0 13.4171 55.2128 0 
93.5799 0 0 0 
96.9862 0 56.6401 0 
0 87.8467 0 225.771 
75.3424 74.1055 0 184.803 
61.4264 82.2715 0 272.808 
66.5469 18.5547 0 301.082 
85.2916 79.0583 0 274.286 
78.1423 25.0667 40.0966 0 
85.1147 0 0 0 
0 0 0 308.742 
0 39.4116 0 0 
0 23.7899 0 326.331 
0 0 0 315.002 
0 0 0 0 
0 0 0 155.684 
0 0 0 0 
79.505 51.8921 0 193.718 
99.6631 18.5516 0 316.075 
101.941 22.3268 0 0 
0 24.6513 0 0 
0 42.1381 56.0175 252.456 
0 16.5052 52.3149 16.8324 
----------------------------------------------------------------
Best: 
158.811 51.0307 1.32596 76.5695 218.637 
51.2612 33.8815 13.3484 89.4344 -270.787 
18.5631 78.8941 30.5975 -8.67544 1366.68 
13.6866 -27.1998 13.6967 -52.5342 1324.81 
40.6176 15.3214 36.0916 13.6665 578.999 
22.517 10.8371 51.4951 46.7053 1004.51 
24.5455 13.7679 27.764 18.5347 1286.41 
6.95065 2.71948 63.5686 24.3866 1508.17 
10.1073 22.2754 95.1083 39.1796 1576.14 
22.6919 3.3559 19.6399 61.5143 1847.04 
21.6379 -12.7519 88.8198 91.1325 1586.31 
-13.733 41.8187 -15.3756 22.6183 1751.51 
-35.4981 5.12697 58.4242 -17.4528 2122.37 
-5.62528 3.14967 33.2003 26.408 1724.25 
0.105223 -10.2968 27.6627 23.0309 1812.82 
-18.0402 -29.4371 -112.726 138.286 672.942 
-23.7963 -3.03547 -6.08977 5.67224 1706.64 
-4.69731 -5.56714 38.3635 -10.4036 1916.3 
8.09773 7.73754 -32.4356 8.54187 1835.52 
12.1377 3.12184 48.3802 33.304 1987.14 
12.7959 3.46842 -1.31953 -17.0606 1983.9 
-0.397266 3.62056 -39.2025 -19.122 1965.97 
-27.4979 5.86116 10.1137 15.2045 1554.3 
-3.26254 2.69712 8.39877 -1.96869 928.842 


Volume: 
100 80 170 120 
101.165 79.675 152.849 106.449 
98.3754 78.5799 151.876 116.585 
99.4418 78.8425 159.426 124.068 
97.7456 78.278 155.15 127.943 
96.7535 76.7168 157.844 128.298 
96.7614 74.8048 155.365 137.256 
94.7652 73.0946 146.865 139.244 
96.8206 73.0049 148.112 140.444 
101.931 74.6432 150.148 150.399 
103.551 75.0144 147.779 149.667 
105.559 74.4855 143.312 150.499 
110.67 74.714 149.735 152.959 
115.269 75.514 152.498 155.955 
118.909 75.9962 150.392 154.551 
115.002 75.435 149.068 155.487 
116.33 71.583 149.555 157.106 
115.899 67.9781 161.28 153.539 
116.021 67.2031 162.604 154.835 
116.132 67.3949 166.31 150.192 
117.104 68.6569 169.623 149.376 
118.182 70.2952 166.186 145.161 
117.941 70.6144 168.32 140.978 
120.636 70.0531 170.28 140.435 

100 80 170 120 
98.4058 76.4319 155.401 105.556 
97.0282 78.1139 146.531 121.651 
97.5898 79.7958 141.401 128.672 
94.0929 78.5667 152.239 139.564 
91.672 72.5232 146.042 145.716 
90.6404 71.2051 138.521 143.351 
93.202 65.2993 130.337 150.804 
96.7636 65.9813 140.305 162.078 
96.6229 66.9743 141.827 175.439 
101.382 67.431 141.127 173.074 
104.084 68.113 138.608 164.328 
103.748 68.4293 144.748 169.898 
109.31 70.1113 149.284 170.884 
113.871 71.7932 157.831 168.519 
116.217 69.7589 160.845 158.521 
118.779 69.4408 161.417 156.156 
120.34 68.1228 156.629 153.791 
114.245 66.6271 160.421 144.086 
112.731 67.3091 160.149 146.811 
113.26 68.991 167.919 144.402 
114.821 69.9359 172.82 143.958 
116.485 70.6179 174.502 143.129 
120.046 69.8559 171.089 139.391 


----------------------------------------------------------------
149.751 secs
0
1
2
3
4
5
6
7
8
9
10
11
12
13
14
15
16
17
18
19
----------------------------------------------------------------
Best Fitness: 626776
Worst Fitness: 1.29308e+006
----------------------------------------------------------------
P_h: 
0 0 0 0 
0 0 0 0 
0 0 0 0 
31.7438 0 0 0 
0 0 0 0 
0 0 0 0 
0 0 0 0 
0 0 0 31.5802 
0 0 0 0 
0 0 0 0 
0 0 0 0 
0 0 0 0 
0 0 0 0 
0 0 0 0 
0 31.7284 0 0 
0 0 0 0 
0 0 0 0 
0 0 0 0 
0 0 0 0 
0 0 0 0 
0 0 0 0 
0 0 0 0 
0 0 0 0 
0 76.6186 0 0 
----------------------------------------------------------------
Best: 
4248.01 2773.07 9655.7 208.081 -2947.45 
274.371 536.193 93.5256 1564.8 -2324.62 
1540.68 703.38 654.906 -374.783 -1380.41 
2.83547 1622.6 -47.6778 -139.66 2528.75 
599.593 -190.653 -18.1942 -416.847 6280.63 
-93.7472 -226.386 551.308 86.1334 -5875.95 
51.9791 -105.266 -147.978 -138.455 1725.97 
-75.0615 -276.22 276.726 59.3922 132.685 
304.046 130.085 471.393 2019.55 -611.491 
-685.069 -486.395 -339.927 273.532 1342.59 
137.739 -325.849 27.5837 1211.85 2907.06 
-0.237796 254.636 -16.6651 138.941 -1612.88 
-171.108 354.075 330.908 295.59 248.092 
-142.434 -200.681 -448.941 -281.608 -2192.42 
-134.141 3.87749 341.74 88.0361 2071.28 
299.375 -2111.79 -420.212 435.422 597.756 
-300.313 310.718 -73.2886 -87.0538 3628.73 
-102.25 691.871 -1291.52 -179.443 -6943.85 
118.309 127.735 -437.818 384.864 2241.08 
-35.1264 -100.679 38.065 2469.82 2953.05 
75.5337 75.0312 122.858 -266.205 -5195.22 
-53.0308 -116.368 -1067.32 -73.2706 1200.95 
-130.878 -54.7951 107.245 -308.618 2390.23 
-225.385 22.339 -192.409 -372.52 -10619.7 


Volume: 
100 80 170 120 
101.089 78.9265 153.904 104.229 
101.375 80.7961 152.718 119.121 
101.893 81.4147 153.123 128.465 
99.8909 80.0537 145.165 133.317 
93.9929 79.5566 141.941 136.424 
92.8673 78.9677 134.366 145.484 
93.0082 78.0456 141.841 147.469 
96.5256 79.4039 146.567 154.313 
97.1323 81.0236 141.517 154.458 
102.65 82.7258 143.047 149.197 
103.313 82.0457 147.943 154.663 
107.83 80.9469 142.96 152.838 
113.131 79.782 147.346 150.622 
114.184 78.4931 149.217 152.692 
117.701 79.3074 151.347 149.975 
116.14 76.0401 154.092 151.314 
114.785 70.1082 156.551 150.488 
115.302 70.6137 159.407 149.612 
113.931 70.2646 165.402 145.177 
112.679 72.2122 172.112 145.044 
114.015 74.2404 167.186 139.167 
116.533 72.6103 170.253 137.234 
120.05 70.4945 170.015 140.937 

100 80 170 120 
101.677 79.8745 151.465 102.082 
100.839 80.4787 152.78 117.425 
99.4885 81.4273 160.963 126.853 
97.7435 81.2245 160.148 127.121 
94.9606 80.2599 155.905 123.314 
93.861 76.1863 153.184 123.978 
95.0523 74.3037 154.995 127.955 
97.4667 74.4149 154.595 132.968 
97.9121 75.8561 151.417 131.912 
102.881 76.6727 147.889 134.466 
106.321 75.7397 151.178 140.223 
106.62 74.8803 153.062 144.761 
110.89 76.385 149.555 145.459 
114.672 77.0599 156.288 145.949 
115.789 76.9634 158.253 148.96 
114.951 74.9539 156.902 149.553 
115.147 73.3805 162.368 148.58 
115.359 71.5262 165.105 150.201 
114.617 71.7617 167.267 147.177 
114.41 71.6175 167.129 144.028 
115.428 71.98 168.716 141.585 
117.5 71.3582 170.887 141.28 
120.605 70.6907 170.225 140.636 


----------------------------------------------------------------
146.975 secs
0
1
2
3
4
5
6
7
8
9
10
11
12
13
14
15
16
17
18
19
----------------------------------------------------------------
Best Fitness: 795654
Worst Fitness: 1.19128e+006
----------------------------------------------------------------
P_h: 
0 0 0 0 
0 0 0 132.098 
0 0 0 0 
94.6232 0 0 0 
0 0 0 0 
0 0 0 269.197 
95.0901 0 0 178.888 
0 0 0 97.5897 
0 0 0 0 
0 0 0 0 
0 0 56.1815 0 
87.4063 0 52.5278 0 
0 0 0 0 
0 0 0 0 
0 69.7455 0 0 
0 0 0 0 
0 0 0 0 
0 0 0 0 
0 21.8227 0 0 
0 0 0 0 
0 0 0 0 
0 0 0 218.385 
0 69.7527 0 0 
0 36.241 0 0 
----------------------------------------------------------------
Best: 
2846.18 2555.74 10016.7 150.017 -1327.15 
464.527 374.209 179.516 47.5592 -1554.35 
450.032 1188.01 234.094 -221.905 -1613.05 
12.0223 1161.79 -4.98026 -144.869 1937 
-69.643 -487.828 -81.2475 -69.8356 6379 
-164.516 -29.5653 -313.651 39.2849 1005.1 
12.3929 -45.7296 -129.818 8.71477 2004.89 
-100.752 -201.533 322.25 53.6372 -1196.44 
410.767 139.142 828.592 2110.96 1651.06 
-148.979 -580.725 -234.122 222.448 1432.13 
130.568 -601.756 12.1768 1483.49 3659.3 
9.5568 494.342 15.6376 204.466 213.189 
-231.826 118.309 397.624 303.376 675.978 
-172.933 -118.592 -564.824 -156.255 -6885.74 
-290.676 10.0492 373.555 84.3434 1844.74 
488.098 142.873 -44.4649 79.7259 1458.89 
-293.423 224.606 79.0914 -153.18 5340.69 
-148.915 389.171 -306.691 -109.249 -5011.3 
199.295 3.62475 -224.14 428.029 2263.39 
-25.2353 -63.8436 45.1162 2249.13 3385.08 
-41.242 96.3687 326.42 -484.813 -5187.56 
-116.241 -103.41 -980.347 11.3077 969.511 
-58.7397 11.055 168.817 -277.928 2017.77 
-286.619 30.1218 -178.968 -129.456 -5238.17 


Volume: 
100 80 170 120 
101.844 76.6765 158.272 107.153 
102.688 77.0825 154.235 116.965 
102.532 77.8103 152.891 122.573 
100.454 77.9306 158.901 128.733 
100.298 77.6376 162.281 137.802 
101.142 76.166 164.821 133.774 
99.6884 75.7822 161.94 131.786 
102.532 73.7392 157.026 134.276 
106.377 71.6575 163.522 138.622 
109.042 72.6876 157.07 143.324 
111.886 70.8927 151.897 136.941 
112.966 72.1104 153.753 142.599 
117.811 73.238 158.215 151.41 
121.655 75.3901 163.993 153.684 
120.337 75.2128 166.715 151.551 
122.181 73.6756 157.873 154.115 
123.025 71.0656 157.836 150.708 
122.87 65.8871 158.841 153.663 
121.491 65.9982 160.851 156.674 
118.88 66.1804 163.376 149.972 
117.588 68.2842 168.681 144.682 
117.232 69.4471 168.908 140.584 
120.077 70.4396 170.153 140.084 

100 80 170 120 
100.189 79.4807 153.665 105.868 
100.552 79.9201 151.27 118.328 
97.7565 77.3607 158.711 123.638 
96.4869 77.2015 157.605 126.855 
95.7787 75.4674 162.55 127.846 
93.0678 72.0754 165.105 129.576 
93.9225 69.8966 165.443 129.284 
94.9035 69.9239 164.323 128.613 
98.8122 69.2156 155.771 129.821 
102.784 69.4242 151.242 135.351 
104.289 68.7503 151.044 143.613 
107.171 68.576 149.086 149.693 
111.373 69.594 148.009 149.447 
114.684 71.0525 152.812 157.474 
114.259 71.2815 155.521 162.364 
114.468 71.076 156.283 158.575 
114.472 68.0103 160.211 149.97 
115.215 66.1652 164.4 150.599 
113.797 66.4703 163.554 148.764 
114.853 68.3456 164.3 143.47 
115.534 69.1338 169.923 144.507 
118.282 69.9161 170.13 145.111 
120.944 70.5702 170.051 140.495 


----------------------------------------------------------------
163.83 secs
0
1
2
3
4
5
6
7
8
9
10
11
12
13
14
15
16
17
18
19
----------------------------------------------------------------
Best Fitness: 871707
Worst Fitness: 1.11602e+006
----------------------------------------------------------------
P_h: 
0 0 0 0 
0 90.7754 0 36.564 
0 0 0 0 
0 0 0 0 
73.9547 84.142 0 230.732 
0 0 43.789 191.783 
19.9753 82.5682 5.23262 0 
95.2938 17.4134 0 0 
0 19.5065 0 298.448 
0 0 0 0 
0 0 0 302.896 
93.8052 0 0 186.602 
0 74.1077 0 0 
0 0 0 0 
70.6228 0 36.3738 155.817 
0 0 0 0 
49.2408 42.6977 30.2165 0 
0 40.3114 55.7339 282.774 
0 0 0 0 
97.5652 51.4458 37.3638 150.352 
89.3726 83.0524 55.2958 0 
0 15.198 7.26264 285.59 
50.6146 0 0 182.725 
100.738 0 0 300.495 
----------------------------------------------------------------
Best: 
-32.3841 155.551 -19.5283 90.4016 -2155.77 
-14.8589 17.1419 134.028 0.601438 1364.54 
58.2138 -10.974 -6.8891 115.147 538.635 
-0.113451 120.474 40.2551 207.064 513.303 
7.83466 13.1229 -7.22944 40.4772 510.04 
34.5503 -20.3682 7.02989 46.2024 1296.42 
1.8133 20.881 24.8636 124.039 1002.21 
12.6465 2.6878 37.0644 -72.2336 1859.76 
-55.8458 2.91147 48.2952 19.6075 2355.94 
35.4623 44.5542 69.1638 -5.99914 1954.35 
37.5713 -24.1174 -10.9209 21.9519 1757.61 
20.0949 -13.3856 -31.0991 8.46149 1675.25 
-18.098 11.3776 93.389 -16.9209 1838.86 
-108.793 -2.05335 45.6642 82.7924 1798.71 
6.85703 -25.6554 4.84908 51.9048 1705.69 
73.6313 53.4409 43.9043 -40.4064 1549.56 
27.8572 5.72904 3.57957 -26.4562 1803.21 
-30.0302 5.56444 11.7897 39.9645 1075.14 
-9.07056 36.7127 -4.01685 101.4 2306.86 
11.4805 7.40623 4.86491 52.3948 1950.81 
9.73618 18.6505 15.4571 -18.1298 1280.58 
-10.7011 2.44521 25.9897 38.9831 1847.08 
4.55181 -2.82316 30.6181 8.47356 1385.76 
12.14 -32.6095 -23.9691 23.6731 1369.87 


Volume: 
100 80 170 120 
101.871 79.8819 157.114 103.108 
102.559 79.1924 156.713 117.441 
102.35 79.6723 156.251 119.971 
99.6107 79.6992 147.471 120.669 
97.5758 75.885 142.713 128.966 
98.222 73.2704 139.047 138.107 
100.141 71.6693 142.882 147.308 
98.8119 71.8392 147.032 154.944 
100.318 72.9995 144.962 149.883 
104.19 74.1398 150.592 147.848 
106.564 73.5412 150.058 146.873 
109.636 73.6811 150.178 143.14 
112.835 73.5422 149.762 145.316 
116.41 73.6214 150.547 147.746 
119.306 73.7943 153.227 148.386 
118.356 72.9084 153.089 150.823 
119.259 71.0548 155.901 148.789 
118.468 69.1838 157.834 149.532 
117.054 69.3739 157.895 148.541 
116.264 70.5153 161.166 148.522 
115.325 71.6303 164.308 146.597 
117.293 71.7941 167.518 141.851 
120.054 70.7659 170.094 140.417 

100 80 170 120 
97.1599 80.9182 159.974 107.401 
98.3386 80.1504 161.818 122.024 
95.9777 81.3539 171.465 124.334 
90.8677 82.0996 160.711 126.3 
90.5934 82.4893 153.981 127.841 
90.9664 79.5064 162.741 140.224 
92.1276 77.5259 166.211 155.083 
95.3062 75.9727 167.956 152.459 
99.4849 73.7465 166.878 146.296 
102.469 72.8393 171.263 144.524 
105.647 70.6701 167.755 145.807 
108.838 70.9282 177.421 143.033 
113.673 72.5287 176.616 149.917 
117.852 72.3787 178.065 148.623 
119.998 73.3849 175.401 147.462 
121.474 73.7746 176.92 145.413 
118.022 69.8295 174.74 144.552 
117.477 69.148 173.547 142.043 
116.656 68.6386 178.514 146.288 
116.835 69.8295 184.067 145.007 
117.711 70.9944 181.154 142.553 
116.894 70.3996 174.977 138.699 
120.073 70.2013 170.439 140.173 


----------------------------------------------------------------
147.077 secs
0
1
2
3
4
5
6
7
8
9
10
11
12
13
14
15
16
17
18
19
----------------------------------------------------------------
Best Fitness: 891103
Worst Fitness: 1.47323e+006
----------------------------------------------------------------
P_h: 
0 0 0 0 
21.1454 35.796 0 106.93 
0 63.1672 17.8989 0 
0 60.2615 0 0 
47.828 48.4987 54.2718 263.213 
0 0 0 0 
75.0474 58.3239 54.9625 0 
78.5326 0 0 0 
0 0 50.7941 266.222 
89.9952 0 0 254.998 
79.3232 0 0 271.778 
86.9044 0 0 109.493 
0 87.7426 0 0 
0 91.3729 0 300.812 
106.086 0 0 324.991 
0 67.9794 0 0 
0 0 50.3261 0 
0 0.780749 56.4368 200.659 
0 74.616 0 165.306 
31.2801 0 46.5136 301.491 
68.3507 77.1432 0 0 
0 15.2921 21.8801 199.808 
51.0788 20.9693 0 172.543 
77.6315 0 0 254.859 
----------------------------------------------------------------
Best: 
-7.28754 64.0132 -119.072 106.231 -1746.95 
1.87908 4.28085 143.313 5.3403 1148.01 
58.9448 8.22199 24.5108 196.844 617.564 
-0.211627 7.48721 31.6303 208.272 -30.1949 
4.46898 5.76649 9.18772 20.7408 394.766 
40.6655 0.293173 -4.8661 70.6179 1008.58 
8.00691 7.42993 16.509 71.9385 926.726 
22.5826 -7.59847 66.117 -61.1195 2165.05 
-46.642 -5.91292 17.924 18.8278 2304.86 
20.6497 41.4756 33.5595 17.1839 1925.93 
8.33833 -28.3762 -2.72872 18.7219 2082.5 
22.0723 -9.97127 -43.9507 3.40811 1753.93 
-36.9585 15.0098 133.28 -10.603 1717.91 
-74.2069 18.8021 82.5242 22.9089 1842.64 
14.4943 -5.66996 -0.955159 25.3965 1570.71 
114.268 26.2419 40.0927 -22.0222 1627.22 
35.4939 -5.70024 8.11896 -8.57744 1796.14 
-23.3305 0.973686 11.9797 48.4203 1489.22 
-18.93 12.1728 -4.18554 51.3107 2645.99 
2.70521 -3.65843 6.78473 35.8928 2046.5 
6.55633 13.09 30.4046 -24.3705 1481.93 
-7.66217 2.43948 24.7206 47.681 1826.58 
4.59184 3.16088 31.1293 7.6913 1432.03 
7.73462 -31.4354 -19.2464 15.5607 1327.16 


Volume: 
100 80 170 120 
101.845 79.8028 161.546 102.651 
102.27 79.7952 163.675 118.842 
103.727 82.2642 169.28 119.243 
100.624 82.0279 169.533 119.53 
101.472 81.2756 168.722 122.781 
99.6156 79.6488 167.413 124.029 
101.57 78.0168 167.529 128.26 
100.344 79.4042 164.995 129.947 
103.985 80.984 160.736 129.242 
107.649 79.5611 169.333 135.32 
109.658 79.2381 161.683 139.564 
113.942 78.8027 152.319 134.522 
119.565 80.8298 152.6 142.797 
119.031 80.336 157.544 156.659 
122.342 77.9841 158.357 159.709 
124.334 72.8468 161.478 152.398 
126.157 71.0037 158.691 147.292 
121.064 70.5868 160.513 148.348 
116.882 68.0896 166.258 146.379 
117.198 70.3201 173.61 145.581 
117.852 71.8732 179.357 142.136 
118.986 70.6712 179.774 141.657 
120.383 70.3801 170.294 140.444 

100 80 170 120 
97.3471 80.0378 152.19 104.431 
94.1131 80.171 146.219 118.224 
94.382 82.0544 153.781 129.306 
90.8482 77.8268 155.39 134.041 
88.7903 77.1431 155.147 135.589 
85.8092 73.754 150.499 137.275 
88.65 72.6911 154.921 138.458 
90.2077 73.2276 157.741 145.79 
94.1719 71.5455 152.574 145.018 
97.5816 71.98 157.177 141.759 
100.568 72.0165 152.836 145.261 
102.884 70.0635 156.685 141.482 
107.719 71.2973 157.566 142.776 
111.435 71.9048 161.775 142.133 
113.995 71.1946 164.699 142.793 
114.62 66.6909 164.468 141.118 
115.865 64.7111 163.651 137.064 
111.102 63.8803 165.695 138.597 
111.591 64.9308 167.458 141.746 
112.171 66.8379 172.117 141.215 
113.508 68.7328 173.12 140.774 
116.431 69.5218 171.126 141.131 
120.511 70.4961 169.969 140.572 


----------------------------------------------------------------
150.638 secs
0
1
2
3
4
5
6
7
8
9
10
11
12
13
14
15
16
17
18
19
----------------------------------------------------------------
Best Fitness: 907074
Worst Fitness: 962612
----------------------------------------------------------------
P_h: 
98.5 88.6 0 276.85 
85.4605 60.985 27.5001 231.538 
77.0985 69.5166 39.5332 242.807 
75.1718 69.0749 36.3778 251.691 
86.7027 61.7062 21.0821 254.455 
75.0629 67.3337 39.8801 246.307 
73.022 63.485 47.5615 270.417 
77.8283 56.262 38.9638 265.953 
83.3351 70.0357 40.9479 267.583 
73.8225 61.4372 27.276 280.706 
70.0902 62.2468 30.539 274.062 
83.0624 64.8442 33.7728 280.466 
64.3744 57.3507 24.6219 291.334 
82.8371 52.8034 46.3993 289.384 
73.7504 51.2023 49.4484 277.63 
69.0422 54.9864 41.2544 296.311 
80.6176 54.3122 55.7711 302.806 
64.9383 52.0004 50.5245 294.913 
84.1539 55.5737 56.769 295.286 
66.8602 49.5456 57.1459 289.304 
68.5802 53.3562 57.5914 271.869 
75.2037 58.3386 59.0593 273.024 
62.4004 50.8691 56.7262 274.211 
72.2932 49.6565 57.9041 258.205 
----------------------------------------------------------------
Best: 
15 15 29.7693 25 906.05 
9.95846 7.80996 22.5431 18.3785 984.517 
8.39378 9.39532 20.1194 17.3023 931.045 
8.13395 9.35302 21.2032 17.8126 857.684 
10.897 8.01017 23.5993 17.822 866.054 
8.50722 9.30862 20.2407 15.796 981.416 
8.16192 8.94615 18.6532 18.4322 1195.51 
9.03787 7.7461 20.623 17.2673 1560.99 
10.2528 10.9276 20.0642 17.2917 1778.1 
8.13646 9.05159 22.5119 19.0343 1876.76 
7.31256 9.24613 21.7522 17.604 1793.06 
9.48276 10.125 21.1304 17.8235 1847.85 
6.34499 8.69153 22.634 19.039 1792.32 
8.98556 7.71427 18.202 18.2979 1728.58 
7.42192 7.24852 17.4034 15.9222 1677.97 
6.70941 7.86069 19.7533 18.3623 1608.41 
8.32492 7.84618 14.3676 19.7138 1636.49 
6.15738 7.65115 17.1652 18.2784 1677.62 
8.89866 8.46767 13.7125 19.0289 1748.22 
6.42911 7.33851 11.6368 18.2975 1817.14 
6.63985 7.83897 14.7652 16.2879 1788.6 
7.51579 8.69445 13.5371 17.1593 1654.37 
5.83751 7.30668 15.8429 17.7702 1405.79 
7.01405 7.00322 15.0444 15.9417 1151.94 


Volume: 
100 80 170 120 
99.0415 80.19 155.657 104.021 
98.6478 79.7947 154.537 118.088 
97.5138 79.4417 160.293 122.819 
92.6168 79.4315 155.897 125.116 
91.1096 77.1229 157.186 130.524 
90.9477 74.1768 161.783 135.691 
90.9098 73.4307 159.677 138.664 
90.657 70.5031 158.083 140.026 
93.5205 70.4515 154.555 141.614 
98.208 70.2053 151.802 144.075 
98.7252 68.0804 151.736 148.763 
103.38 67.3889 149.466 151.476 
106.395 68.6746 152.993 154.309 
109.973 70.4261 155.059 161.021 
113.263 70.5654 154.983 160.86 
113.938 69.7192 157.752 158.55 
115.781 68.068 156.544 160.025 
113.882 66.6004 160.017 155.363 
113.453 67.2619 163.384 154.231 
113.813 68.4229 167.169 151.656 
114.298 68.7284 170.529 146.133 
117.46 69.4218 169.664 143.128 
120.446 70.4185 169.974 140.724 

100 80 170 120 
102.058 81.3713 154.43 107.81 
104.3 83.2436 152.463 118.871 
101.375 84.423 161.012 126.411 
95.6272 81.9802 156.117 128.635 
94.3594 79.0834 161.249 128.366 
94.6693 75.7387 155.78 134.164 
97.7516 74.8617 146.491 131.498 
100.271 75.0744 149.146 141.567 
103.431 75.5985 146.952 156.778 
108.388 75.4858 144.011 156.692 
110.414 75.8 146.683 155.212 
115.656 74.7251 148.934 156.197 
121.192 74.5391 154.47 154.35 
123.664 75.5066 155.664 154.621 
127.882 76.821 157.148 145.865 
127.15 75.6704 159.349 146.26 
125.376 74.4384 158.541 146.719 
120.946 73.4024 159.85 149.275 
118.414 73.1441 159.481 140.898 
116.793 70.4124 166.268 141.776 
119.034 72.7031 169.025 142.044 
118.005 72.2761 169.022 141.161 
120.758 70.3398 170.062 140.148 


----------------------------------------------------------------
151.1 secs
0
1
2
3
4
5
6
7
8
9
10
11
12
13
14
15
16
17
18
19
----------------------------------------------------------------
Best Fitness: 910535
Worst Fitness: 979979
----------------------------------------------------------------
P_h: 
98.5 88.6 0 276.85 
93.4084 53.9947 22.0447 247.804 
94.5775 70.7442 54.8781 245.021 
59.7422 73.5006 2.48531 211.56 
59.4086 53.3455 30.1896 258.017 
82.0717 69.8363 0 281.611 
65.6226 65.3142 22.6517 257.884 
82.5911 61.8973 42.0333 264.094 
19.5412 44.9128 5.99781 302.383 
87.2054 74.8756 7.84074 253.71 
85.556 53.7418 43.8612 300.312 
49.6127 72.3781 0 303.675 
79.5631 57.7848 50.6603 251.893 
94.1928 75.4759 32.047 270.543 
86.2886 59.5547 40.9692 294.478 
72.2542 58.3444 51.0224 268.659 
65.5966 47.2243 19.8225 305.436 
87.3596 53.933 55.395 293.117 
71.1968 48.2279 53.6846 288.508 
97.3538 59.5088 52.2383 255.813 
73.8412 56.2937 49.6241 287.458 
64.3228 59.4479 56.9751 237.66 
72.2206 41.6417 56.574 290.409 
66.3336 65.2027 50.6842 237.306 
----------------------------------------------------------------
Best: 
15 15 30.2151 25 906.05 
12.1544 6.63694 23.3346 24.7815 978.497 
13.8434 9.52648 14.045 18.7041 887.961 
6.04362 10.2101 26.0727 12.681 964.7 
6.02141 6.55776 21.9706 18.5448 887.639 
9.69473 9.56211 27.0854 21.8175 986.345 
6.83438 9.04976 22.8465 16.4196 1240.82 
9.73562 8.57427 18.6263 16.2159 1562.44 
1.78419 5.76808 24.7018 22.5529 1846.59 
10.3447 11.591 24.3842 14.6762 1860.33 
9.81369 7.1471 17.4313 20.9352 1720.75 
4.58567 11.0384 26.6701 21.6932 1846.77 
8.43589 8.07433 15.9767 14.189 1740.32 
11.3206 12.5107 20.9952 15.9446 1700.7 
9.41326 8.5697 19.2558 20.2828 1664.97 
7.11829 8.49033 16.0959 16.0698 1652.29 
6.22875 6.61198 23.5229 22.353 1680.94 
9.40147 7.95525 14.3144 19.822 1648.51 
6.95284 7.03405 15.8247 18.6585 1795.73 
11.755 9.03017 16.6974 14.9038 1820.18 
7.36259 8.30384 17.7042 19.9025 1780.05 
6.10609 8.8172 14.3599 13.3297 1701.4 
7.06238 5.7392 10.5486 20.9937 1386.89 
6.27577 9.8603 7.8411 13.6043 1152.39 


Volume: 
100 80 170 120 
98.7154 80.9975 153.978 100.219 
94.2001 80.6825 153.114 113.108 
94.3961 79.8874 154.127 123.028 
93.8406 80.8043 154.111 124.403 
93.4335 78.999 150.443 130.519 
94.4294 76.0872 147.731 136.885 
94.2496 74.7776 144.279 144.383 
97.4541 75.9768 138.084 145.254 
99.1169 73.647 137.035 146.908 
101.224 75.1984 138.106 149.819 
104.669 73.1057 135.822 149.554 
106.223 72.8403 147.693 149.668 
107.767 70.3175 145.219 153.179 
110.5 71.3887 148.134 147.63 
113.945 70.2791 149.72 150.158 
116.389 70.5665 151.377 148.569 
115.362 68.2879 156.045 148.733 
115.21 68.0699 157.301 151.101 
112.736 67.9324 158.546 147.013 
112.729 68.8358 158.56 143.179 
114.173 69.3696 162.777 143.091 
116.618 71.1712 167.298 140.832 
120.062 70.1983 170.708 139.996 

100 80 170 120 
101.056 80.4637 159.271 101.55 
99.0098 81.5897 154.852 111.86 
96.4864 79.6976 157.76 113.204 
95.1165 77.69 153.29 117.88 
93.8906 76.8434 153.872 120.377 
94.3678 72.2833 153.822 127.58 
96.4301 71.1797 153.334 128.83 
98.785 69.7767 147.806 134.869 
101.018 69.0054 139.447 137.034 
104.513 69.3838 133.232 141.65 
106.48 67.0615 136.261 149.882 
107.877 67.8922 141.695 154.569 
110.172 68.9172 142.779 155.488 
113.43 70.6534 149.333 154.589 
113.113 71.3068 155.366 154.913 
115.262 69.9511 154.127 154.796 
116.307 68.2338 156.353 146.757 
116.052 66.1986 158.238 149.837 
113.759 66.4097 160.404 150.875 
113.718 67.8956 161.677 145.821 
114.926 69.0659 166.986 143.596 
116.974 69.8883 168.604 141.891 
120.051 70.5468 170.064 140.064 


----------------------------------------------------------------
139.873 secs
0
1
2
3
4
5
6
7
8
9
10
11
12
13
14
15
16
17
18
19
----------------------------------------------------------------
Best Fitness: 881215
Worst Fitness: 1.32355e+006
----------------------------------------------------------------
P_h: 
91.9424 0 0 0 
93.0694 47.4168 0 232.133 
0 0 37.1019 256.867 
85.3586 86.4426 0 0 
0 90.6028 0 300.767 
88.4345 79.3625 0 0 
32.3922 0 0 300.269 
55.443 28.2122 50.7229 218.404 
54.5154 52.2764 0 306.121 
83.3222 0 0 292.161 
0 47.6358 0 308.246 
38.0052 0 0 0 
0 83.9816 0 310.738 
0 75.2989 0 0 
0 0 0 315.491 
0 0 0 123.665 
88.3786 0 16.7103 261.554 
15.9434 63.7619 0 196.247 
0 51.6221 0 0 
100.269 63.7431 56.8735 286.698 
44.5275 50.2669 55.538 0 
64.3659 82.0026 17.1046 287.299 
74.588 42.111 16.5984 278.441 
0 64.4541 58.8233 226.589 
----------------------------------------------------------------
Best: 
19.4562 40.3457 73.2517 -27.5067 261.472 
18.3622 29.9691 -8.72178 36.5981 824.779 
-10.6833 -8.42782 5.09179 37.1702 686.36 
19.8122 22.4775 38.4331 -6.42187 797.782 
33.2369 15.2825 80.7379 31.4067 688.001 
18.345 11.8793 -42.308 -9.5059 877.763 
3.12065 37.2529 39.8876 34.7598 1110.83 
5.62648 3.83641 15.7797 46.6843 1291.11 
5.56435 7.20884 57.7935 21.4828 2016.03 
20.4173 0.474953 70.3582 19.4244 1919.01 
-4.50455 28.8801 -7.10981 32.6554 1577.78 
27.6473 -0.379498 -5.58129 -22.8308 1900.79 
-93.1212 14.7704 -4.35208 27.2777 1792.99 
47.008 11.4896 31.3813 132.426 1428.28 
-13.3692 -10.6272 -25.4629 27.5719 1737.57 
-9.69852 0.732419 -15.0251 3.95031 1900.13 
9.75428 -0.77094 1.32237 16.4465 1657.77 
1.39586 9.78688 30.6004 47.5255 1658.87 
-1.38034 7.60172 -7.06358 -23.5202 1729.13 
12.6256 9.91488 11.6716 20.1531 1796.53 
3.96141 7.23051 15.7713 -18.4218 1742.14 
6.10182 15.9065 24.7174 19.6089 1796.23 
7.36081 5.88453 24.9854 18.7663 1595.29 
-4.01001 9.59506 13.9311 12.4922 1252.88 


Volume: 
100 80 170 120 
96.7533 80.6243 155.213 106.729 
92.9645 82.1731 147.805 122.773 
92.2268 82.3005 149.748 130.982 
90.4226 82.146 154.225 136.799 
89.7404 78.5227 153.652 144.104 
89.4585 76.1621 148.019 142.61 
90.9808 73.1254 146.615 146.068 
89.5912 72.3774 153.096 152.63 
92.8561 71.346 152.908 150.015 
98.583 72.9647 155.639 143.678 
101.845 73.7242 154.465 139.726 
104.069 74.3398 153.311 142.712 
106.928 74.755 149.425 143.433 
108.725 73.8387 155.046 146.129 
109.295 73.0342 155.78 148.007 
111.635 70.1185 159.303 140.178 
112.855 68.6957 163.085 139.275 
113.669 67.9492 162.515 139.842 
113.283 67.8739 161.83 141.299 
113.073 69.2323 164.158 143.356 
114.821 69.8706 165.426 144.526 
117.692 70.3261 169.256 141.042 
120.486 70.8965 170.044 140.059 

100 80 170 120 
99.2743 80.2246 151.559 105.424 
98.9524 81.8895 141.369 121.873 
97.9917 80.4818 138.095 132.281 
95.5881 81.0192 138.543 135.145 
97.0242 76.2483 135.931 143.283 
96.8377 74.5157 139.651 145.885 
97.698 72.5519 137.237 147.583 
99.53 68.8525 142.707 150.848 
99.382 70.121 133.216 148.843 
103.588 67.8259 133.528 147.811 
105.738 68.4246 139.79 155.387 
107.026 68.6284 140.186 158.573 
108.057 69.8234 143.729 159.155 
111.211 69.9232 148.685 163.44 
111.197 70.4054 156.463 158.668 
113.765 67.4603 152.737 153.763 
113.963 64.6223 154.008 146.534 
113.889 64.4217 153.788 152.105 
112.276 65.1037 159.559 151.588 
113.109 66.7059 165.008 151.382 
112.97 68.3528 167.285 142.388 
116.057 69.2092 168.075 139.757 
119.721 70.0457 170.626 139.965 


----------------------------------------------------------------
155.144 secs
0
1
2
3
4
5
6
7
8
9
10
11
12
13
14
15
16
17
18
19
----------------------------------------------------------------
Best Fitness: 898568
Worst Fitness: 1.23627e+006
----------------------------------------------------------------
P_h: 
93.066 0 0 0 
91.4334 88.7179 0 145.459 
0 0 0 0 
92.1354 78.4727 50.5678 274.674 
92.6208 77.7691 0 241.298 
0 62.2602 0 311.61 
48.322 71.0625 0 278.452 
85.9951 0 0 52.543 
0 0 45.6922 350.112 
19.099 30.5896 0 269.639 
48.5069 71.4251 0 213.529 
55.2498 0 0 355.459 
9.98968 0 0 332.056 
0 0 13.0638 0 
94.2184 48.7229 0 0 
102.098 0 0 0 
101.842 0 0 0 
0 0 58.4512 165.947 
50.9256 8.67624 0 262.219 
0 0 56.9559 249.114 
73.13 37.4746 53.1605 294.049 
0 35.9077 48.7245 206.371 
62.9686 0 0 66.1199 
12.1139 0 0 273.71 
----------------------------------------------------------------
Best: 
19.1045 -7.0377 59.3137 73.4898 852.241 
19.3052 19.359 -9.85804 8.2941 969.803 
-1.345 -4.4953 -15.262 -5.28368 1200.27 
11.5049 20.5994 13.608 20.6279 586.45 
17.7382 17.1309 35.7303 13.8978 762.402 
62.3387 11.4847 -14.5385 34.9071 706.197 
25.7887 16.7663 57.0606 42.6796 1132.41 
18.9843 44.9238 57.2537 -0.80432 1302.76 
47.1072 -3.72537 10.5134 34.6398 1223.23 
28.8025 29.2794 75.8495 48.3656 1931.56 
4.60672 20.8692 64.1333 8.25655 1945.43 
5.42513 -25.1915 51.8153 38.3017 1908.4 
0.946439 -4.75362 123.456 41.4263 1903.89 
-8.68513 0.751044 24.3541 65.6996 1573.31 
20.6533 7.37488 34.0674 -12.2085 1608.77 
14.6063 -4.86548 41.7858 85.3906 1150.31 
18.0388 -4.26916 28.8206 -11.4844 1866.07 
-12.5629 -2.07199 12.563 6.41153 1899.68 
4.61629 2.19756 -19.3782 15.0964 1900.17 
-7.39669 -1.5689 13.7764 43.8935 1808.44 
7.25686 5.52726 9.05477 19.1333 1925.7 
-2.86301 5.15764 7.37681 9.91252 1808.07 
5.90671 0.654898 -65.3807 0.585254 1606.81 
1.11572 0.384499 -3.29836 18.0696 1226.72 


Volume: 
100 80 170 120 
98.4449 78.0057 148.2 104.063 
99.8446 73.0269 138.42 115.829 
100.406 68.0481 136.529 129.088 
93.8115 64.05 129.165 141.309 
92.9451 58.0818 123.582 150.522 
93.4881 56.7822 127.645 158.559 
89.0023 56.8804 124.558 168.993 
92.8083 57.5766 121.303 177.528 
94.8112 59.3361 125.484 186.454 
97.7499 61.0761 126.713 192.747 
96.1672 61.7591 132.283 191.673 
100.729 62.442 139.458 187.387 
106.29 64.125 148.57 180.83 
110.852 65.808 151.518 168.956 
108.243 66.8066 155.323 164.984 
110.804 66.4895 158.348 161.816 
112.366 65.1725 167.543 156.432 
112.927 64.8555 158.949 151.994 
112.489 65.5384 160.974 147.458 
113.051 67.2214 163.998 153.516 
114.612 68.9044 167.023 149.272 
117.174 69.5873 169.047 145.028 
120.735 70.2703 170.072 140.783 

100 80 170 120 
99.8777 77.8572 154.075 105.099 
100.523 75.767 143.075 117.036 
96.8391 77.4604 153.979 121.356 
91.9492 75.7146 154.846 131.062 
91.7169 75.3911 157.498 129.776 
92.5799 73.7722 162.555 131.845 
93.9172 72.6047 159.691 137.284 
93.3611 72.2085 160.715 132.499 
95.1367 73.5857 154.435 136.84 
99.0484 75.2796 150.954 133.977 
100.329 74.9514 150.52 137.525 
103.525 71.212 147.77 142.75 
108.186 72.7737 151.237 143.647 
108.837 71.4399 151.302 148.865 
111.761 69.4785 154.641 147.321 
113.87 68.8217 159.999 149.471 
114.793 67.2001 165.523 150.288 
114.755 66.8941 163.315 147.884 
113.812 66.8103 163.945 144.177 
113.916 68.171 166.441 147.15 
115.024 69.5488 167.485 145.172 
116.936 69.9268 169.564 142.086 
120.045 70.3048 170.208 140.725 


----------------------------------------------------------------
157.539 secs
0
1
2
3
4
5
6
7
8
9
10
11
12
13
14
15
16
17
18
19
----------------------------------------------------------------
Best Fitness: 868493
Worst Fitness: 1.67603e+006
----------------------------------------------------------------
P_h: 
0 53.6565 0 0 
76.0531 65.1118 0 219.654 
0 87.7441 0 275.24 
93.9647 77.1976 0 275.196 
72.7612 89.9278 0 195.614 
25.9067 80.7125 51.3996 0 
92.4405 81.8112 0 284.805 
84.4418 50.4507 0 317.987 
0 0 0 223.517 
94.7923 0 0 0 
98.5764 82.6552 0 257.655 
89.5501 81.2113 17.8193 0 
0 78.3234 0 309.661 
93.9612 84.075 0 0 
0 0 0 325.006 
74.3013 0 52.8687 0 
69.088 41.9063 0 304.726 
102.864 29.0747 42.6629 0 
50.4485 75.7787 0 0 
101.525 45.4697 51.101 176.689 
0 44.1449 51.1741 323.485 
59.2037 64.7114 57.8607 258.373 
63.2186 52.9879 47.9745 250.909 
0 75.047 1.96336 279.616 
----------------------------------------------------------------
Best: 
-41.089 28.9916 -51.5035 -58.1034 -487.233 
8.14129 8.67346 31.6599 16.0588 1018.79 
-31.6712 14.6123 46.9919 30.7108 661.313 
17.6891 11.2564 46.9116 34.9971 924.57 
22.6145 16.9044 54.9342 10.3042 926.137 
28.0931 12.787 10.0942 -108.475 1325.41 
13.3049 14.0344 43.5473 18.5641 1246.71 
10.3282 6.96381 -11.9967 25.4942 1183.23 
-13.4773 -10.3324 77.5109 11.2633 2247.1 
12.8786 -1.11818 53.6252 -7.85385 2222.44 
13.8966 19.7999 -48.7031 14.1487 1117.1 
10.6256 14.9409 22.9302 -37.5508 2113.7 
-11.6007 13.3658 -124.468 20.5169 1652.48 
20.311 15.8123 67.6314 248.294 1226.14 
-15.002 -11.5322 -38.1157 30.7052 1876.61 
7.45408 36.2049 14.1836 -28.3559 1751.11 
6.70879 5.83172 -27.806 20.4882 1636.51 
13.7898 4.28289 19.2928 106.768 1507.53 
4.56236 13.1965 -16.4647 -7.73388 1780.36 
18.6877 6.60768 8.52118 7.32394 1828.79 
-2.43082 6.26101 8.35875 29.5326 1439.46 
5.50484 10.0339 14.23 15.104 1714.24 
5.93785 7.65985 19.0626 43.1865 1378.06 
-13.8854 12.3634 -0.655768 38.3247 1053.16 


Volume: 
100 80 170 120 
100.179 78.8569 151.544 105.905 
96.7682 79.7892 148.34 119.074 
95.7696 78.7625 149.334 127.262 
94.1895 78.9159 145.819 131.717 
93.725 76.242 144.335 138.882 
91.5595 73.3949 144.28 148.144 
92.4705 71.9671 141.516 150.654 
95.297 70.9476 141.066 151.239 
97.8716 72.3345 138.821 152.171 
102.201 71.3504 133.06 156.458 
102.266 70.4411 137.327 156.174 
104.375 70.9109 142.109 160.662 
108.163 72.5576 146.312 156.201 
110.838 70.994 146.468 153.347 
111.654 70.9884 146.091 153.267 
113.605 70.5779 147.582 156.085 
113.041 68.7572 153.593 156.442 
113.356 68.2168 155.497 155.001 
112.811 68.045 159.307 153.605 
113.01 69.4842 162.639 151.723 
114.37 68.449 166.288 147.869 
117.005 69.3955 168.245 144.81 
120.47 70.3522 170.054 140.444 

100 80 170 120 
101.137 78.1849 153.364 104.63 
101.233 75.7744 148.727 117.119 
100.707 76.8431 148.331 122.844 
95.8106 77.4542 151.684 128.32 
94.6782 76.7 155.908 137.362 
91.2257 75.2296 159.006 135.617 
87.9616 73.9373 152.299 135.324 
91.62 70.8607 150.864 134.943 
89.8726 68.4334 148.504 142.401 
93.218 70.4502 142.692 146.353 
95.4269 69.2255 143.84 150.619 
98.2684 66.9195 152.402 154.327 
104.103 68.5278 155.547 159.893 
108.307 67.2688 157.058 156.302 
111.338 68.13 160.873 154.601 
114.017 66.9554 161.887 156.877 
114.62 64.8671 166.786 155.833 
114.446 64.8425 164.942 151.897 
114.281 65.6463 165.152 150.129 
114.64 67.6145 169.014 149.275 
116.42 69.5806 171.021 148.927 
116.821 70.0145 171.06 143.762 
120.655 70.7364 170.057 140.444 


----------------------------------------------------------------
159.639 secs
0
1
2
3
4
5
6
7
8
9
10
11
12
13
14
15
16
17
18
19
----------------------------------------------------------------
Best Fitness: 868243
Worst Fitness: 1.95144e+006
----------------------------------------------------------------
P_h: 
76.6681 80.3575 54.5227 0 
98.648 62.9006 2.78148 131.335 
0 44.5625 0 272.075 
0 67.1104 14.1449 0 
86.4517 45.5497 0 187.3 
84.9511 36.799 46.005 0 
95.0085 81.4171 0 20.6571 
63.7572 79.8179 42.5057 322.555 
0 0 4.91295 241.087 
97.1352 0 0 273.186 
83.1414 79.3202 0 146.694 
98.8137 0 0 0 
0 63.5562 0 289.569 
100.073 83.4191 0 0 
31.6127 0 0 325.12 
94.1118 0 45.4728 0 
103.23 62.1729 3.17923 250.782 
78.6817 0 0 0 
30.4836 59.8733 37.2702 0 
99.0128 54.7452 55.647 162.685 
26.7592 47.4641 50.0457 282.589 
0 55.9661 54.4026 268.238 
93.1457 63.9689 0 0 
0 83.6616 0 302.361 
----------------------------------------------------------------
Best: 
8.25072 23.7917 9.26782 -98.4953 -1448.85 
16.2864 8.29982 25.9057 7.28566 1076.18 
-57.1961 30.319 36.4705 31.6053 733.34 
47.327 8.90569 23.8714 80.8591 552.097 
20.0408 30.1784 96.12 9.60122 932.808 
20.073 4.40517 16.2124 -24.6586 1199.01 
15.147 22.8369 55.926 -1.86629 1249.19 
24.0617 12.4811 7.59276 28.6677 1196.33 
-37.6608 -8.65905 0.381583 12.3974 1869.52 
14.2321 0.228709 144.642 15.7406 2101.93 
9.19943 13.0823 -375.838 4.52798 1561.53 
18.3716 -3.37957 27.3326 -53.802 2071.68 
-22.8882 26.1047 -87.1275 15.948 1835.18 
19.5079 17.5322 28.2656 222.679 1356.49 
2.7352 -3.42042 -92.5054 36.291 1835.76 
10.6232 72.7884 7.81755 -31.3245 2205.4 
19.3855 8.90027 -0.387747 13.9576 1594.25 
7.90859 0.308298 38.0825 108.111 1710.49 
2.63678 9.5861 4.99409 -87.859 1890 
20.4461 8.43982 12.031 6.68342 1797.96 
2.31044 7.01079 7.95383 39.0449 1611.56 
-0.0200805 8.21118 16.5593 16.8741 1874.25 
10.4087 9.62707 35.7642 83.0933 1293.46 
-22.7717 17.1505 30.1055 24.2473 809.456 


Volume: 
100 80 170 120 
100.602 78.6642 151.697 102.057 
96.6694 80.337 143.691 118.262 
96.3036 80.0204 143.196 129.371 
95.0266 80.2745 142.494 131.376 
93.0996 79.7977 134.878 140.014 
93.4648 77.5589 127.835 143.941 
95.1636 76.3015 129.015 151.047 
95.9248 74.9849 115.826 157.581 
98.3598 71.2957 111.478 157.834 
103.398 73.204 113.361 171.441 
106.4 71.5753 119.154 176.783 
110.403 72.4837 128.123 174.59 
114.178 70.5564 130.52 166.316 
117.877 72.4648 136.058 163.415 
117.792 72.7081 139.286 155.527 
119.795 72.6164 145.426 150.809 
119.055 65.5303 150.514 149.352 
119.058 64.7735 152.18 147.896 
118.06 65.6819 154.922 146.439 
118.063 67.1935 162.918 144.982 
115.978 69.1018 165.583 143.525 
117.981 70.0102 166.584 142.069 
120.983 70.9186 170.068 140.561 

100 80 170 120 
101.699 77.1832 153.554 102.65 
101.176 75.1137 150.066 117.99 
98.751 73.1578 149.812 125.67 
92.9873 73.4459 143.52 127.901 
92.4236 68.8965 145.811 134.293 
88.6144 62.9021 146.763 141.729 
90.2758 62.5561 141.255 147.684 
92.8293 63.582 151.315 155.855 
95.9233 61.1939 151.412 156.275 
99.2263 59.4735 147.688 151.836 
97.8527 59.9849 142.661 155.404 
99.2663 60.8514 142.765 153.151 
100.597 62.9004 144.462 154.332 
104.495 64.9896 147.077 158.05 
107.478 66.0357 153.479 162.06 
110.444 66.1249 155.103 159.472 
111.642 64.5183 158.57 156.497 
110.857 62.8437 160.099 153.353 
110.822 63.9329 160.581 149.702 
111.787 66.022 164.166 146.886 
113.753 68.1112 168.34 145.212 
116.718 69.2004 169.734 143.326 
120.382 70.2896 170.144 140.539 


----------------------------------------------------------------
153.35 secs
0
1
2
3
4
5
6
7
8
9
10
11
12
13
14
15
16
17
18
19
----------------------------------------------------------------
Best Fitness: 888494
Worst Fitness: 1.98478e+006
----------------------------------------------------------------
P_h: 
0 0 0 260.973 
75.4991 0 0 187.971 
3.86634 0 0 263.394 
0 0 25.3369 283.613 
0 72.2673 47.1266 0 
0 87.5456 0 264.455 
87.6261 28.2032 0 310.502 
0 25.9636 0 87.9618 
90.3048 45.2727 0 138.978 
0 0 0 0 
0 0 50.384 321.521 
28.5933 72.7072 0 69.4085 
16.951 0 0 325.48 
0 0 0 180.428 
0 58.7626 0 286.356 
44.9068 78.0171 0 0 
0 27.2775 13.7865 288.15 
67.3064 79.0678 8.95229 0 
0 76.1563 0 242.118 
21.4326 76.1326 27.7448 0 
0 73.7628 57.1727 279.398 
0 75.5187 54.1913 0 
38.7413 61.3379 0 197.839 
63.8615 83.2242 55.7621 221.31 
----------------------------------------------------------------
Best: 
62.9893 -10.7535 99.2316 35.4936 599.777 
23.1927 37.3254 50.7707 41.4986 938.206 
0.453841 -17.6545 110.256 33.0168 1656.42 
60.3395 -0.717349 2.74964 25.6162 507.259 
-18.6479 10.2088 17.2172 -6.06908 746.694 
-6.2521 17.1306 64.9045 17.9722 1338.51 
11.1795 3.82494 69.1283 27.4205 1490.37 
-32.4352 31.6464 85.0201 2.01779 1787.2 
18.3585 6.20856 63.3216 53.5221 1731.62 
-5.17558 -1.51134 33.4419 77.9199 1614.18 
63.5785 -41.7045 16.3291 24.2056 1805.02 
28.2157 12.2955 -31.6698 0.479356 1346.25 
1.52545 0.508145 -90.4399 27.581 1518.75 
-11.2127 -1.86067 32.4771 7.73183 1848.69 
0.0952876 8.69905 -14.036 17.5764 1545.37 
4.00106 13.76 -49.929 92.6093 1004.04 
-3.57482 4.1694 0.88386 18.0486 1587.49 
25.6244 18.6068 0.238998 -4.98954 1766.06 
-1.92223 14.3585 41.0458 12.7232 1793.76 
1.85235 14.0719 2.94844 -6.42356 1785.26 
-6.82386 12.5965 10.7027 17.435 1813.9 
-6.77449 12.7862 17.2124 -12.394 1575.75 
3.38602 9.10026 31.1034 9.75577 1518.46 
5.97754 16.7469 9.84152 11.9806 1158.26 


Volume: 
100 80 170 120 
102.567 80.0021 153.633 102.461 
100.751 79.4642 150.831 115.396 
99.4842 78.1735 151.973 124.151 
94.6824 78.0321 145.923 128.038 
91.3041 75.718 150.929 132.985 
92.4701 73.2662 147.021 142.437 
90.3036 72.2402 147.923 140.84 
92.5234 71.7053 146.774 151.228 
93.1913 71.519 151.662 154.167 
98.0936 68.1085 149.248 156.596 
97.9908 67.6014 155.503 154.31 
100.958 67.2778 152.61 153.899 
105.807 67.8044 161.383 151.209 
109.605 69.2845 165.086 156.4 
112.805 69.3036 162.037 156.637 
115.177 67.4048 163.076 154.793 
115.685 65.9219 162.095 156.141 
115.098 65.4811 163.919 154.77 
114.432 66.1312 167.272 156.107 
113.728 67.7774 169.615 150.426 
114.745 69.3163 170.723 143.028 
117.302 69.9645 171.234 141.263 
120.795 70.5815 170.053 139.99 

100 80 170 120 
97.5869 80.2424 156.404 104.42 
99.5954 80.1234 150.85 120.589 
98.309 81.4317 153.116 120.052 
94.3902 82.5726 143.444 125.654 
92.4288 75.9913 139.032 136.019 
89.5895 70.5149 137.32 140.648 
86.4998 67.6433 135.897 150.715 
88.282 67.9026 136.514 158.218 
87.6568 66.8132 148.669 160 
92.737 67.5509 146.279 167.617 
97.1708 67.8697 149.805 157.735 
98.8478 60.8697 144.707 160.055 
102.178 62.0697 146.799 162.198 
106.941 64.4883 142.761 171.751 
105.607 64.7556 153.883 170.999 
108.321 64.3325 155.572 176.584 
110.412 62.6717 160.933 170.728 
111.833 61.8352 161.286 162.282 
110.277 62.5031 162.224 161.503 
110.911 64.9218 165.052 153.095 
113.022 67.3404 170.032 151.679 
116.132 68.7591 170.331 142.556 
120.566 70.1778 170.389 140.157 


----------------------------------------------------------------
161.107 secs
0
1
2
3
4
5
6
7
8
9
10
11
12
13
14
15
16
17
18
19
----------------------------------------------------------------
Best Fitness: 695497
Worst Fitness: 2.21955e+006
----------------------------------------------------------------
P_h: 
0 0 0 0 
0 0 0 0 
0 0 0 0 
0 33.3153 0 0 
0 0 0 0 
0 0 43.7857 0 
0 0 0 0 
0 0 0 0 
0 0 31.0913 0 
0 0 0 0 
0 0 0 307.801 
0 0 0 0 
0 0 0 0 
0 77.4343 0 0 
0 0 0 0 
0 53.0703 0 0 
0 51.7036 0 45.1622 
0 0 0 0 
55.8431 0 0 331.09 
38.6734 53.2102 0 308.71 
0 78.9926 0 0 
102.521 0 0 0 
72.0237 0 0 0 
0 0 53.8418 0 
----------------------------------------------------------------
Best: 
282.899 1023.44 36.5185 143.187 1974.81 
-2531.35 196.679 73.1472 -270.487 1531.71 
67.4106 85.4934 -76.9397 199.05 -129.486 
-26.6005 31.7375 -208.425 129.541 698.062 
-187.723 139.285 131.592 -190.628 -0.300084 
422.035 -104.628 7.44374 66.453 -2140.74 
-60.6859 -40.9416 -322.116 1264.65 854.859 
140.512 -133.324 214.748 65.7593 3304.54 
-13.2302 37.5027 4.62291 138.727 281.4 
-150.31 -112.821 -832.527 86.6727 2707.66 
-205.505 412.227 215.174 17.8457 1271.87 
-91.8917 -41.0882 171.046 -1108.79 2285.51 
77.8351 -100.153 143.062 -70.2654 1877.16 
-269.121 17.0349 -411.545 -745.089 2603.29 
53.52 -15.7813 213.558 -25.2632 1587.87 
-77.1995 26.6747 103.962 -50.5985 1004.72 
-37.5745 7.95101 365.326 -0.930255 257.508 
118.537 -50.7203 -153.219 -72.4457 1180.74 
26.4672 -18.9234 38.7823 29.6046 443.676 
3.41229 26.3736 -62.1081 23.243 -850.741 
-3.91285 16.4469 -3.61706 -12.6029 1119.01 
18.3597 -17.1182 -48.6827 94.6498 391.25 
7.03699 -3.48988 93.951 -330.833 3259.79 
60.5193 -12.1115 17.2914 -41.8196 -5410.74 


Volume: 
100 80 170 120 
102.037 80.0341 148.2 106.295 
97.6684 81.2561 138.629 120.211 
91.6242 80.3122 132.591 133.59 
90.4198 75.9464 134.185 137.619 
91.628 74.3312 136.406 151.89 
86.8969 69.3293 128.931 157.739 
86.5799 69.264 124.294 164.026 
90.3644 69.3769 126.111 176.193 
88.749 65.8397 134.904 178.746 
94.7585 61.1713 130.261 177.593 
92.502 60.4604 138.273 167.872 
96.9246 61.5028 134.894 164.363 
98.0352 63.6943 146.825 161.181 
103.151 63.6175 152.626 164.338 
106.937 64.9162 152.739 159.794 
107.477 65.247 153.878 157.561 
109.282 63.9377 157.411 158.69 
109.824 62.1037 161.015 157.534 
110.004 63.4508 161.829 148.42 
111.212 65.7659 164.815 146.351 
113.375 68.0069 168.991 144.588 
116.584 69.354 170.001 142.575 
120.792 70.6529 170.094 140.436 

100 80 170 120 
101.858 78.0698 154.546 105.692 
99.8731 76.7149 150.151 118.514 
95.4251 77.5221 149.305 124.859 
92.7122 76.9664 156.659 129.151 
92.4884 77.3244 159.984 134.235 
92.5429 75.9577 164.112 133.01 
93.4797 75.7797 165.59 140.116 
96.0722 74.682 158.276 137.83 
99.1335 76.4162 156.002 137.939 
103.691 77.22 152.321 143.441 
105.648 75.4458 157.604 144.521 
110.119 76.8039 155.841 146.942 
115.589 76.8076 156.608 142.299 
119.253 78.5466 160.466 146.939 
119.556 76.4253 156.201 146.063 
119.164 76.0271 156.734 142.523 
118.215 73.3885 160.703 144.309 
117.411 73.7466 161.374 142.178 
114.339 72.4436 161.632 140.789 
114.81 71.9337 164.757 145.288 
115.174 72.9154 169.426 145.262 
116.669 70.9159 164.475 143.965 
120.061 70.2638 170.169 139.906 


----------------------------------------------------------------
142.842 secs
0
1
2
3
4
5
6
7
8
9
10
11
12
13
14
15
16
17
18
19
----------------------------------------------------------------
Best Fitness: 905469
Worst Fitness: 962575
----------------------------------------------------------------
P_h: 
98.5 88.6 0 276.85 
66.7511 60.8754 0 225.43 
83.6946 66.717 24.6594 242.792 
90.3235 75.2407 9.30247 251.458 
61.7627 52.6994 44.223 278.014 
68.015 68.4581 7.64919 263.842 
81.023 57.2189 25.049 259.046 
77.5174 51.6796 2.57869 293.362 
86.984 57.1362 52.7785 278.029 
56.8413 57.7095 37.5464 312.206 
82.2853 53.2674 48.7078 265.683 
64.8525 52.7861 30.9203 273.618 
72.6581 77.4478 5.79651 307.88 
86.8794 72.1971 50.2588 279.295 
87.3108 70.0001 50.7007 297.887 
59.5972 73.417 54.0503 318.23 
69.3652 66.0636 45.1051 288.685 
70.0221 49.1261 51.6879 284.439 
88.7253 53.0175 37.6599 266.234 
99.9102 54.437 49.9496 299.74 
72.7833 46.6514 56.3807 290.233 
68.9693 54.3926 58.2016 281.522 
66.9928 63.631 58.8583 289.613 
69.5074 66.9774 58.7918 262.108 
----------------------------------------------------------------
Best: 
15 15 30 25 906.05 
6.68983 7.78967 28.1311 17.0384 1036.94 
9.46249 8.7855 22.4408 16.9544 942.137 
11.4657 10.7973 24.7049 16.2838 863.675 
6.24173 6.52392 18.323 20.0534 853.301 
7.10515 9.46424 24.9984 16.4288 1002.04 
9.37589 7.62238 22.237 15.47 1227.66 
8.68688 6.72045 24.9835 19.4676 1574.86 
10.786 7.52987 12.0887 16.4563 1765.07 
5.51442 7.4655 19.454 20.9767 1855.7 
9.08769 6.55098 16.229 14.8783 1780.06 
6.32906 6.33933 20.6243 15.3587 1887.82 
7.26832 11.2517 24.4518 20.8104 1766.22 
9.42892 10.2048 13.72 16.0118 1711.37 
9.44198 9.85516 14.0799 17.5462 1624.1 
5.50779 11.1477 13.0849 22.2633 1564.71 
6.6368 9.9154 18.4135 17.8716 1660.78 
6.70581 6.95623 16.1502 17.9599 1684.72 
9.49119 7.66222 20.2587 15.2484 1794.36 
12.5004 7.89075 16.829 20.7161 1775.96 
7.20914 6.36712 12.7518 18.8194 1773.95 
6.67921 7.40166 13.4328 17.6597 1656.91 
6.39095 9.18913 12.9445 20.2471 1370.9 
6.66132 10.2296 12.2722 16.4926 1132.62 


Volume: 
100 80 170 120 
102.31 80.2103 150.069 105.362 
100.848 80.4248 146.628 120.007 
96.3819 78.6275 145.613 131.855 
96.1402 80.1036 147.542 134.242 
96.0351 77.6393 146.795 142.518 
94.6592 76.017 144.597 145.371 
94.9723 76.2965 135.243 150.902 
94.1863 76.7666 142.994 156.683 
99.6719 78.3011 140.849 160.69 
102.584 80.7501 143.127 157.9 
106.255 82.4108 137.547 161.995 
109.987 79.1591 133.648 157.414 
112.558 77.9544 135.808 162.026 
114.116 77.0992 138.336 168.932 
118.608 73.9515 147.932 160.389 
120.971 71.0361 151.165 156.597 
122.266 70.0799 152.378 151.722 
119.774 69.4176 150.903 154.887 
113.274 69.5269 151.696 150.321 
113.065 72.1598 157.391 151.76 
114.386 73.7581 166.121 150.93 
116.995 72.569 169.276 143.434 
120.333 70.3393 170.051 140.375 

100 80 170 120 
97.085 77.9348 152.507 106.528 
96.6509 78.9764 141.507 123.479 
97.9937 76.4923 150.762 130.741 
97.5206 74.4869 151.853 145.905 
96.8359 72.2406 147.157 145.42 
93.9486 70.1425 143.911 148.612 
97.3 67.3329 142.387 153.93 
98.3223 66.5275 145.408 160.082 
100.623 66.4259 142.454 161.246 
103.223 66.2211 144.856 160.864 
102.86 64.5607 144.009 156.59 
106.404 63.4623 141.365 156.554 
110.039 65.4299 146.253 156.397 
111.608 65.4282 147.176 163.224 
111.852 66.5804 152.749 161.637 
112.428 63.8105 154.798 160.394 
114.645 62.5566 160.918 152.121 
115.251 62.9373 164.538 153.498 
113.54 63.9696 166.81 149.073 
112.86 66.4022 167.771 147.082 
114.572 68.3999 168.102 143.178 
117.659 69.8194 170.548 139.709 
120.058 70.3204 170.271 139.815 


----------------------------------------------------------------
143.438 secs
