INITIALIZATION
==================================================================
Individual: 0
14.0303 13.734 10.4336 19.5004 2255.98 
6.33187 7.44284 27.9769 17.9246 2004.65 
9.24242 10.6345 21.1163 13.6356 707.58 
9.78081 13.897 16.0849 23.752 1934.88 
7.20126 9.97684 13.5524 18.9728 643.35 
13.6794 11.9396 12.0553 21.1866 2238.16 
13.6009 14.3815 11.1704 21.2993 753.078 
5.68334 13.7474 17.1293 13.9559 1128.27 
12.9671 9.11446 19.3611 13.5789 1905.09 
11.7602 8.44975 23.3902 19.6042 1645.31 
9.2083 7.42105 23.3725 22.585 2456.27 
6.04818 6.65065 21.1901 15.5999 750.726 
9.5244 11.2702 26.669 21.986 526.391 
7.83397 10.3838 21.4884 22.3091 1281.66 
9.86907 14.7111 17.4417 13.4187 839.203 
14.2631 11.8286 27.9327 17.2036 744.883 
9.44642 6.48333 21.4326 21.8544 1965.66 
14.9862 13.6903 13.753 20.272 1829.64 
11.299 6.93348 14.5392 22.4811 1796.4 
14.1047 14.6961 14.9972 19.2364 1009.09 
10.5049 9.15957 27.549 17.5789 2377.01 
14.6468 9.69268 25.8031 18.6075 661.127 
14.3187 9.1616 26.3104 15.1886 1539.16 
10.493 6.2417 20.359 13.4541 903.444 


Individual: 1
7.01906 14.5231 11.7887 13.6645 1637.79 
8.80496 11.5159 24.4927 23.3444 2293.1 
11.2666 7.91579 14.5219 15.1642 2411.85 
12.2438 7.67518 22.8667 24.4631 1279.22 
5.51169 13.6733 10.0888 23.1299 656.63 
5.5163 8.76956 15.5385 23.2768 543.273 
12.5315 13.9836 25.2304 17.0071 1334.65 
8.21002 6.53244 16.0614 17.519 1656.36 
8.19868 6.68359 15.105 23.5995 1134.89 
14.2286 14.7929 21.7802 22.6433 652.621 
6.00334 7.19236 18.6175 14.046 1644.68 
8.55438 9.81464 23.9118 14.7107 1078.35 
5.29403 6.3827 11.0534 21.7066 1165.88 
14.3862 14.6978 23.8663 19.0303 1649.44 
9.43094 14.3368 14.6981 24.2459 1769.02 
11.7503 13.4234 22.0297 16.2018 1171.69 
8.06061 14.6091 10.8489 19.2489 785.714 
13.7894 9.47942 25.9037 21.2553 752.292 
14.2074 13.6225 19.8406 21.125 1317.31 
10.3092 11.3294 19.7935 16.9662 1842.52 
10.8235 14.0205 17.3846 19.2599 2324.83 
11.6133 8.29093 15.6013 16.4082 1219.35 
9.62896 6.25048 14.6142 16.3667 690.772 
10.5127 10.3543 19.8682 13.5649 852.142 


Individual: 2
11.9727 10.2325 26.1175 23.9062 956.984 
10.3646 11.4921 22.5386 14.6493 2434.35 
10.4868 14.3472 22.1614 13.1014 1180.28 
6.97599 8.16667 22.3375 21.0323 1035.61 
11.7823 13.2904 17.3765 13.3738 1233.15 
7.06628 9.86165 24.9054 20.6081 548.474 
12.2433 13.6983 19.1941 14.0482 1476.13 
10.7213 11.9858 14.4651 17.9831 2208.71 
8.05958 7.31013 22.3165 14.0568 950.888 
5.71977 12.7402 23.7015 14.5471 676.413 
12.9129 10.7532 19.6431 24.7025 2274.3 
12.8574 7.37118 16.7297 18.932 1619.64 
13.4153 10.7383 11.9739 20.2369 1171.81 
12.6702 13.3763 19.6646 16.971 1915.49 
5.93937 13.5391 23.9443 15.1799 2348.58 
11.0189 6.5179 27.4801 21.5368 1919.75 
6.95883 14.3683 22.3974 15.5707 1223.73 
13.8553 11.1733 10.5023 17.772 644.995 
11.6954 8.3869 22.2175 20.0179 559.338 
5.81524 13.5888 17.466 20.0178 1767.21 
9.16639 8.30774 16.9469 22.9514 1081.14 
8.78563 7.2772 29.3895 23.4843 644.748 
8.84012 10.8948 27.0475 16.5019 1127.12 
14.5697 8.16446 17.4349 18.505 1318.73 


Individual: 3
8.60875 9.11437 29.8137 18.5309 1031.21 
12.8638 13.8066 16.4001 15.3847 2408.18 
6.96352 13.3697 18.0471 19.6147 2031.93 
9.31357 10.7988 23.5321 19.5427 1013.21 
14.1231 13.9394 28.5318 14.0435 701.034 
5.5433 6.84561 24.4911 17.1304 1562.8 
7.25833 10.527 26.0648 17.4931 2194.28 
7.55797 14.482 17.6022 15.6101 804.014 
5.37072 7.85957 26.5366 24.7797 1415.32 
14.8185 7.2994 23.7785 14.5896 1889.2 
12.0054 6.31066 16.2144 18.808 888.513 
11.3787 13.7832 21.1737 13.0685 1783.85 
6.71775 7.22149 18.4194 15.0607 1924.17 
10.7394 6.88177 18.0673 23.3509 2308.87 
14.1946 14.4219 17.3703 16.0331 2478.56 
5.31128 6.49284 15.551 24.2248 1071.64 
10.459 13.2568 12.9134 22.2347 2244.51 
6.7258 12.769 20.302 15.0032 1896.47 
14.4354 6.70566 28.9612 23.1571 1674.12 
6.03445 11.6166 18.6278 20.8445 2032.12 
11.41 6.84639 27.689 18.2634 2032.97 
12.9363 11.401 11.0313 16.573 991.024 
13.2192 10.5816 21.8138 15.1099 1854.13 
12.6259 10.9661 20.0704 17.8133 1849.1 


Individual: 4
13.2014 9.18048 27.5871 13.9165 2273.21 
5.12461 8.1046 28.2879 19.7897 1424.6 
8.95397 8.70596 10.2617 16.824 1867.18 
12.4403 6.87513 20.5414 18.0214 578.621 
8.23423 7.40733 12.3168 22.3658 2119.64 
9.89865 11.0023 22.2161 13.6019 1879.56 
10.9694 9.7275 14.7277 22.6483 1833.96 
10.2427 13.26 22.6398 22.4427 2497.15 
7.51199 11.5488 19.8437 24.4757 951.41 
6.02454 11.1048 25.1673 22.4265 1769.72 
12.9226 6.12811 22.8478 13.8234 2228.24 
5.92942 6.97768 14.4319 21.3763 805.908 
6.10864 14.3236 24.3399 24.6764 2117.07 
5.7141 7.63689 13.6144 23.9802 853.33 
9.51733 6.45825 11.3175 14.7339 1418.45 
13.2599 6.19001 10.6439 17.6813 1082.26 
7.66618 11.4158 25.8677 15.2125 1905.08 
12.2619 13.8438 15.3348 24.0236 649.746 
10.1443 10.2264 19.9398 22.3721 1284.09 
7.22037 7.80147 17.8144 17.9141 1598.44 
11.8672 6.93101 18.9203 24.9284 1048.3 
11.6896 11.5807 12.4502 21.9031 1726.45 
11.6464 9.62216 20.2812 19.9529 2278.8 
8.69726 12.2032 19.4917 20.3367 779.792 


Individual: 5
9.45158 6.36885 11.9604 16.601 1229.65 
10.0222 9.76545 24.8831 13.4493 2349.82 
6.20398 7.59975 19.3938 14.8761 2160.17 
6.57207 9.02706 24.8359 19.6651 676.124 
12.906 8.49902 29.5998 18.1139 1393.92 
9.04406 6.13882 13.7493 15.5342 2281.29 
12.2409 14.3573 16.6471 21.5303 1048.01 
5.02447 12.8608 13.3633 16.7732 2090.85 
5.55018 8.46751 25.1321 19.3428 1618.01 
13.5472 10.5749 23.2821 18.2888 1810.22 
5.11954 10.3444 16.1969 20.8481 934.51 
8.10116 11.4769 14.7591 14.4227 913.58 
5.1136 9.16749 12.66 23.8232 609.676 
6.92006 6.88566 13.3626 18.2888 1244.71 
5.8522 8.65055 22.6574 15.4058 1582.36 
5.89854 9.82255 22.8584 18.4181 1968.38 
5.71178 8.02832 12.9836 16.3932 1873.61 
5.18193 7.48684 25.307 14.6161 2159.4 
5.10089 14.386 10.5323 22.4889 759.455 
8.99673 7.58381 15.8445 24.187 551.157 
12.728 6.76453 11.761 15.0417 2328.9 
12.9508 7.23432 16.8201 20.2796 1877.07 
7.39586 13.8292 10.4878 24.6134 2123.39 
8.74207 6.78206 22.3405 20.4415 766.532 


Individual: 6
9.05271 8.70273 23.2177 20.1277 1657.26 
7.19424 10.1963 10.1362 18.7904 2450.17 
6.45971 11.8314 13.038 16.0612 514.669 
7.13085 10.9415 23.2057 18.0131 2329.94 
12.0348 8.89799 15.864 21.947 1534.46 
9.2246 12.8094 17.4268 18.4938 1313.24 
6.52511 9.57753 19.2065 15.7638 1995.13 
13.3622 14.1204 12.6083 14.0508 1029.41 
5.5589 6.93543 21.4546 18.8435 655.133 
6.07517 10.7311 12.0337 18.9282 558.332 
7.07954 6.77924 25.7393 15.9216 1313.68 
9.36991 11.0584 11.7764 23.5935 1830.57 
11.3451 14.4961 11.7401 20.5716 1577.37 
6.14103 6.89199 27.1319 23.2191 1187.25 
5.5108 6.57996 22.5909 16.7277 836.479 
9.43643 10.5939 15.018 22.7625 962.083 
7.18637 7.47714 28.3248 18.3746 1742.72 
11.6863 7.62294 28.121 15.9231 2105.24 
8.34734 8.76889 14.0611 23.515 595.565 
9.82223 12.9343 13.6564 15.2361 2241.49 
10.3145 10.3513 25.9544 20.2311 974.663 
11.7272 10.6325 26.1945 14.3091 1324.66 
5.36645 7.32887 19.566 22.3342 903.226 
8.53561 13.1298 23.1903 19.3163 2064.63 


Individual: 7
5.42705 12.2689 27.1592 19.0583 934.113 
12.6224 8.17168 13.9354 22.0363 1728.9 
10.5788 7.18743 28.4108 23.1967 1382.04 
7.45443 9.41106 20.8522 15.2664 816.209 
7.57657 14.8947 26.4785 24.7844 1607.82 
9.36319 6.24107 10.8163 17.105 1638.68 
11.2939 13.0761 12.5447 15.8468 1745.57 
5.29383 9.88856 21.7126 19.448 1876.67 
8.16716 13.5488 14.6851 18.4922 2346.21 
5.50525 10.9688 15.7296 23.3965 1176.3 
6.26048 7.60137 12.457 21.4924 1727.96 
11.9813 8.81524 23.7671 14.1619 1499.08 
14.6557 14.8228 18.1919 20.4014 2445.84 
13.673 11.2839 12.9159 18.9836 2067.89 
7.31767 6.66761 12.0936 24.8515 575.932 
7.68386 8.25509 14.0838 14.6605 1018.97 
14.5663 13.3278 15.8356 16.5254 1112.89 
14.6169 8.88517 22.6223 13.9677 1901.93 
5.06173 9.07294 12.621 17.151 1657.11 
7.0977 9.30307 16.5785 23.3753 1020.97 
8.98745 14.8325 15.6811 24.8156 2314.36 
11.4482 8.1795 11.8867 22.2151 779.929 
12.4078 13.1211 20.6358 23.2258 2259.33 
6.24584 8.47307 14.2344 15.8399 1918.96 


Individual: 8
5.08081 12.6174 18.3683 19.1699 967.967 
11.4777 9.42793 20.5115 13.8023 1260.73 
9.13925 6.47147 26.4377 13.3092 1243.53 
8.92241 13.7546 13.8653 13.4652 774.242 
5.75083 10.1616 23.172 19.6758 511.935 
13.2895 9.14992 12.5823 23.6175 606.714 
9.56752 6.08268 23.8321 20.5865 1203.89 
11.8629 6.48385 13.3284 24.5963 1151.62 
14.9941 6.50468 20.071 18.9772 1870.15 
7.74874 14.7017 16.787 17.3288 1145.33 
13.8134 7.88583 10.0626 22.5209 1147.85 
8.93617 7.6095 14.4658 14.6364 574.474 
10.8277 12.9759 16.9562 24.249 1425.2 
7.96094 11.2547 17.2091 14.5567 2447.98 
5.44511 9.86138 26.5705 21.298 631.286 
5.39739 7.86054 19.5059 17.0768 1392.48 
5.71893 6.913 22.6931 16.7917 1487.93 
5.55079 13.4084 12.9448 17.0547 1385.65 
14.9747 10.862 12.1888 23.8317 1519.21 
7.08811 9.28467 14.5328 18.591 1454.64 
6.97301 7.73058 15.2987 19.7625 662.538 
8.40626 6.39382 19.0994 23.2728 508.489 
9.81797 6.15254 19.3618 18.3451 2310.32 
11.4262 6.66593 14.9314 19.7801 1902.6 


Individual: 9
14.2644 8.07274 24.168 14.6744 647.299 
6.42596 8.5968 17.8583 24.0935 1084.15 
11.2849 11.7654 25.8939 14.5885 1524.73 
6.34985 8.99744 24.2876 22.4776 599.088 
11.1336 13.137 21.9717 18.81 570.611 
13.8269 10.8453 21.0665 19.8853 2083.54 
9.36057 6.67239 28.2322 16.7593 1048.69 
13.6261 8.94583 26.7685 17.3186 1491.9 
9.91969 14.1778 24.6708 23.5331 2102.48 
14.2305 10.9279 10.1539 14.8317 967.733 
5.3821 8.79227 24.2246 24.7872 1143.11 
7.26354 12.3295 14.48 15.4865 628.19 
10.0731 11.4006 17.8798 24.9866 1083.66 
10.3979 7.8419 15.6104 18.4733 1150.58 
14.0358 7.31002 10.9009 14.0508 2399.08 
7.57026 10.072 26.8339 14.7866 2272.44 
8.11009 12.8913 25.3333 20.1827 1303.57 
11.691 7.08198 23.7165 22.4787 1129.61 
9.57639 7.4598 24.4814 23.1629 854.541 
13.3827 6.5043 16.0363 20.3992 1786 
8.25854 6.12923 10.6964 18.6637 2389.13 
10.7886 10.7977 10.9704 15.8713 703.197 
5.04037 12.4464 13.7909 22.9222 1591.12 
7.9501 7.85854 11.7838 20.9266 1006.13 


Individual: 10
9.59574 9.4811 28.6141 15.2235 556.213 
10.508 14.6652 28.9504 21.7063 1069.2 
12.7259 14.7157 21.0254 13.6705 1176 
10.3734 14.3441 18.6449 22.391 755.069 
13.1289 13.9211 14.0797 13.1148 1154.09 
6.07283 11.3229 18.0851 19.8035 1597.29 
11.1061 10.8053 12.313 13.9876 909.21 
7.6195 9.65185 16.4447 20.6099 683.148 
11.0993 9.375 12.8607 14.5747 2298.83 
10.3215 6.80402 22.185 19.1917 1323.14 
6.75281 7.97049 19.6827 16.5776 812.613 
8.4558 14.9335 20.8825 13.9776 1098.47 
11.6404 10.4035 19.6829 22.0388 571.984 
14.9312 9.6338 19.2207 21.7077 1769.32 
12.5325 8.03223 17.9913 18.1236 1325.11 
13.4398 7.53612 11.1143 21.7321 571.676 
13.1075 8.05097 14.2737 18.6242 902.987 
8.18751 12.6386 22.7366 23.4275 852.761 
11.1058 9.53575 28.2735 14.8828 1692.02 
5.83333 6.96648 10.6089 19.0871 573.218 
10.1441 13.8099 14.7808 21.5265 508.061 
7.37239 14.2874 22.3873 13.0324 2158.91 
6.21323 6.06266 10.2227 20.383 1457.69 
9.6737 10.4633 12.3181 24.6293 1725.74 


Individual: 11
8.76802 10.6994 17.8818 20.5749 1309.76 
10.9084 10.86 20.2397 16.1242 2067.01 
11.87 14.5655 17.1508 17.5052 1824.12 
10.4035 9.73033 21.762 20.8977 2438.28 
12.3803 13.8464 18.3064 15.2789 980.519 
6.45688 14.747 24.5839 21.2957 528.517 
9.41027 12.6289 20.0604 21.8904 2174.35 
9.97309 8.99013 21.0697 20.1094 508.957 
7.24293 7.40444 28.7154 18.775 1240.73 
6.51208 11.613 20.7499 16.4041 1824.45 
13.7261 12.9309 19.3886 14.1345 2004.11 
8.25003 10.2761 25.5631 14.261 1589.81 
13.8937 6.71659 13.1949 18.374 904.1 
14.0504 10.5281 27.1208 23.9312 2030.73 
5.65656 8.58272 17.3586 23.9638 1704.8 
11.6743 6.94616 13.4828 23.9462 987.676 
12.2666 6.90285 29.9675 19.5992 1251.61 
9.64627 12.0896 29.1391 14.1369 1026.32 
7.60116 7.38639 17.5307 20.0022 2496.66 
5.14412 6.50447 14.2138 13.0958 635.855 
14.1564 11.052 15.9848 19.8981 1337.29 
7.62408 9.55945 23.136 21.6786 1430.5 
6.87316 12.4967 12.7507 16.6351 943.155 
5.81787 6.36231 22.1081 22.7775 2056.52 


Individual: 12
12.0775 6.60416 19.6159 13.8277 1414.76 
14.678 11.0187 12.1186 17.6619 511.016 
9.92429 12.953 14.5124 19.9368 1441.24 
10.0973 7.99817 14.0059 17.2413 2199.69 
7.86563 11.4377 12.2256 14.3514 2221.39 
9.52995 8.40658 22.6746 17.4616 715.075 
5.46353 8.73133 26.1761 16.5442 1759.71 
11.34 12.9981 24.4015 24.9029 555.923 
10.3294 14.1964 13.2047 18.7599 1182.16 
7.1095 8.35212 10.1331 18.7026 1174.64 
5.74257 8.26354 10.344 19.9921 2487.85 
10.4107 13.4981 28.7226 18.8376 965.496 
6.52614 12.9756 11.0343 23.1162 2139.12 
5.81269 10.3403 19.5268 18.6542 1482.87 
10.3878 8.09168 10.5687 23.6592 2173.06 
13.7251 6.9982 12.4336 19.2263 799.786 
10.2735 8.71062 16.4741 24.9099 996.554 
7.67139 13.672 10.4236 17.8638 1053.69 
7.35776 9.9563 13.8979 18.3005 2474.87 
13.7446 11.6884 28.7812 20.3939 1964.51 
12.039 11.8874 12.3934 21.2832 1556.95 
7.51279 14.0745 21.4764 18.6646 1674.03 
8.07975 12.7561 13.7801 18.1895 1316.42 
13.8848 14.7848 12.033 14.4284 2355.34 


Individual: 13
5.56363 8.03161 14.3004 17.262 2340.31 
11.1742 7.27252 20.7792 21.0876 2058.13 
8.86772 6.10698 22.1668 24.2316 1276.93 
6.70639 13.6338 12.8075 14.9652 2488.51 
14.2585 6.26601 12.194 16.3362 1064.87 
13.1903 13.8167 10.3595 24.1817 1905.41 
5.1241 7.5598 24.4012 15.237 1856.81 
5.40091 13.4371 10 13.3025 1619.04 
8.93928 9.17393 20.2553 16.0383 1820.89 
7.29583 14.9037 18.7445 17.3096 2102.37 
8.52144 7.45677 19 16.1572 2035.65 
11.6052 8.19224 27.9054 16.3525 727.242 
8.3063 7.5699 14.0413 19.3288 1745.63 
6.0834 13.7529 11.7709 20.2444 1154.05 
12.0847 9.2047 14.7325 23.6954 721.17 
8.31676 9.36679 17.5545 14.9402 1864.87 
10.9674 7.49551 13.358 22.1981 621.51 
12.1528 14.6606 26.7391 13.4302 1460.31 
5.79231 13.7699 27.2095 17.4895 1091.34 
10.9026 9.35923 11.3296 16.9974 2356.3 
11.5195 11.1646 17.6664 23.8278 2354.45 
7.51068 12.9361 15.4703 22.7052 1642.98 
5.43085 9.22171 21.4749 20.772 936.443 
7.86518 14.213 17.2808 17.3573 1762.16 


Individual: 14
7.36917 6.22997 26.3359 13.1045 1408.91 
10.8858 9.45704 12.7572 14.7958 555.556 
13.3261 6.37024 10.9459 16.4481 934.043 
9.71267 12.7203 14.6299 17.0636 1826.7 
10.5404 10.9732 29.605 14.3825 821.678 
10.3369 11.8957 14.332 22.5851 2285.85 
5.40503 10.4565 16.9292 21.7652 1751.18 
13.3817 7.66247 13.8591 19.853 1488.38 
14.8742 7.62483 18.0714 14.6207 1116.58 
12.4334 7.67633 22.3499 22.0768 1395.76 
14.1675 12.7451 23.9683 15.9646 2265.81 
12.5404 14.9409 10.6955 17.2979 830.849 
5.04331 6.62023 16.5266 21.2956 985.318 
12.4729 13.496 26.3124 23.8048 882.26 
13.4183 14.3332 18.2219 23.3167 915.072 
8.44037 12.3677 25.5594 20.1895 1877.34 
12.8448 13.3249 19.0371 15.0008 605.312 
6.71572 8.38161 15.1454 23.1305 2342.31 
11.48 6.06569 15.5766 19.4206 2140.69 
5.8317 8.08698 15.3115 19.5016 1439.14 
12.3955 10.8621 25.8003 14.1627 1020 
5.53069 13.3327 21.2578 23.9919 2342.93 
14.7753 12.9056 23.9236 16.1528 1699.08 
6.53961 11.8542 26.8852 24.2243 2239.28 


Individual: 15
9.72784 10.7333 11.1069 20.4801 762.935 
9.83143 12.915 14.2214 17.1277 1022.13 
13.8195 7.45161 28.3516 16.6202 1102.89 
12.1102 14.2765 13.0778 15.5397 1741.71 
10.2182 10.6244 17.963 13.3694 1802.29 
9.32936 11.039 14.8 19.7872 1152.41 
5.46211 8.21864 29.4793 18.5237 1366.11 
14.9721 7.42381 13.3277 21.3619 983.939 
9.42259 10.0002 21.7545 23.7965 571.429 
12.2241 14.5019 12.3926 20.2918 664.4 
10.3554 7.01952 18.8274 16.7058 1370.91 
13.3252 9.84804 24.1686 20.6032 1293.56 
14.1319 6.96966 24.0156 19.8974 1046.38 
6.4204 9.6034 10.5413 21.1715 1998.29 
8.55769 12.4312 14.184 13.3385 1483.38 
13.2708 9.76919 24.4565 17.2532 1112.05 
9.36843 10.1277 19.3748 14.9163 1199.76 
8.65453 11.7728 12.9428 18.1242 1115.24 
7.83832 14.821 14.7125 17.0692 2028.85 
9.70184 7.28505 11.4872 23.6046 1016.27 
5.29922 9.72454 27.1542 13.5641 997.954 
10.216 11.9362 20.9922 14.978 555.231 
11.0451 10.009 18.9102 23.4357 1711.38 
12.0705 14.2359 23.7923 14.9257 894.134 


Individual: 16
14.1752 7.77645 21.534 14.7501 1320.58 
12.0487 12.2784 20.1397 17.0111 1444.85 
13.2894 11.7381 15.3116 18.603 1814.73 
7.86966 13.8301 26.5513 21.5736 2382.05 
5.14722 7.51616 28.2464 16.4992 958.876 
13.7569 13.7805 22.9613 24.9649 745.35 
14.3629 9.2593 10.1838 19.1447 2441.26 
9.8844 7.83053 22.8409 13.5539 1644.78 
11.0373 8.80309 19.6091 17.9526 1372.23 
12.7677 11.3763 17.1598 18.0318 2319.67 
11.1194 6.18809 20.8717 22.6694 1910.04 
11.7191 7.79666 16.0622 16.702 2467.9 
13.8799 14.2287 19.4051 15.5946 1537.99 
14.6271 13.5589 23.0598 16.17 2341.58 
12.3571 14.3778 15.7622 14.8724 1177.99 
14.5417 11.558 16.9964 23.9834 822.358 
6.03897 12.2095 13.6502 16.488 1938.95 
11.3699 12.2151 19.0246 21.4209 1248.49 
11.6705 7.72791 12.0233 17.7967 1284.36 
6.18157 12.1902 13.1228 15.7024 2469.95 
7.20377 12.9137 29.7859 22.1601 2372.91 
5.22663 11.6435 27.8556 13.796 788.698 
12.5619 12.0492 17.0158 15.3777 2359.68 
6.06117 9.86771 28.3302 15.9425 2260.83 


Individual: 17
6.84096 8.32338 11.0215 16.3194 1239.04 
5.56587 14.5093 16.4312 13.9945 938.418 
14.9652 8.26498 26.2318 20.3751 2134.41 
5.76544 13.4321 29.2377 16.7765 846.699 
13.9953 6.07565 15.4481 13.826 683.405 
13.8094 7.58958 22.5317 23.1034 762.487 
8.54788 13.5928 19.0342 20.3488 2103.5 
9.31044 8.93218 28.4295 21.8617 1260.28 
12.5322 9.82232 16.61 21.5038 1300.93 
5.29325 6.2087 28.7812 21.3673 1667.3 
10.8461 9.76084 26.1773 16.4605 1706.71 
12.2739 10.3397 14.2457 17.6383 1201.07 
5.69984 8.30563 13.7438 15.1742 1922 
5.45578 11.0267 15.7766 23.3013 2049.61 
12.3038 7.95928 29.1542 19.6201 1466.2 
14.1413 7.2242 14.2475 21.9765 714.041 
6.18471 8.93003 21.4051 20.3809 595.546 
12.5445 9.74337 28.7149 18.2601 1593.95 
6.83502 11.4969 20.047 16.2539 1709.29 
12.6737 6.78779 25.9003 14.169 1634.14 
7.93017 8.2117 11.9617 13.1972 1125.93 
10.7949 11.4306 26.7624 16.6548 809.896 
9.5405 9.51855 18.1784 17.5073 2013.48 
14.6575 13.9795 24.5519 19.8839 1399.61 


Individual: 18
9.61049 6.90653 17.5776 20.6352 1028.1 
12.5588 12.8817 11.5555 13.7862 1398.56 
14.0296 10.7414 18.7399 17.0251 906.822 
7.24119 14.9213 10.7768 15.0556 965.185 
12.2229 14.6841 16.9336 15.7946 2490.59 
7.58286 11.4506 27.001 16.4892 584.377 
11.8896 8.13504 18.7724 15.664 537.762 
7.92667 10.9521 22.5459 17.3448 739.386 
7.69537 8.16382 22.3431 16.5864 626.904 
11.8426 13.7154 29.4397 22.9859 1695.69 
5.29809 11.8328 14.0124 14.5623 874.625 
9.0375 14.0504 14.1107 19.6338 780.17 
8.68241 8.88662 28.5406 22.9695 1118.62 
6.42411 7.03534 24.718 13.2472 2469.95 
13.0749 14.3616 19.6875 20.4902 1232.72 
7.44036 13.3825 15.1741 19.2106 2171.18 
8.90067 14.1043 11.7277 15.9387 1032.5 
8.16788 7.09188 24.4413 16.7232 1916.01 
5.7172 6.36245 11.632 19.5226 955.157 
8.23029 10.0923 12.2752 23.2453 1364.71 
12.0398 10.6986 11.6717 18.5239 2265.73 
11.7697 7.16821 26.7774 19.7603 1653.05 
7.40773 6.40967 10.724 15.719 1083.02 
11.8303 7.95682 28.224 16.0464 1542.1 


Individual: 19
6.46106 9.24756 19.3398 14.1507 1513.1 
12.4472 10.9822 25.8937 23.0846 1534.19 
5.67766 14.412 23.3705 20.9187 1698.79 
7.53246 7.96212 21.1686 18.5282 714.141 
5.42216 12.8889 16.3779 14.7638 844.828 
5.37037 10.1928 10.5652 24.2497 1820.45 
8.3029 6.92118 26.7574 19.9593 1557.03 
12.1757 6.13345 13.1224 24.2553 1041.97 
6.63031 8.8582 11.6151 21.9041 1890.13 
10.5094 7.38512 10.234 24.6409 2077.18 
5.49611 13.6768 14.9412 14.3846 619.335 
8.14925 9.60941 13.7159 16.7218 1715.12 
10.6304 14.8747 11.1017 18.7068 1824.86 
10.7843 11.918 29.422 20.7587 692.199 
5.39858 8.3024 13.7573 13.8697 786.428 
6.7294 14.1439 21.0949 17.4753 1507.53 
8.87835 6.09369 27.3733 18.2289 1667.19 
11.2992 14.8888 23.7085 17.6695 1479.43 
9.13739 6.99782 23.904 18.1794 1877.42 
14.1002 9.54233 19.3865 15.0438 2322.69 
9.36787 13.1018 25.2132 15.7316 1801 
8.03835 7.92582 16.5002 14.2349 1504.63 
12.2593 6.19022 14.3321 18.335 1587.5 
9.00343 10.2875 14.2269 14.4492 1947.32 


Individual: 20
12.7168 9.64216 23.0291 16.6532 1413.05 
11.2986 7.93171 11.0649 13.3679 1045.65 
8.07089 11.0723 15.121 17.4159 2302.26 
9.01261 8.1688 21.8251 15.8619 1563.76 
10.9609 10.44 19.5864 16.4567 1780.31 
7.85232 8.66147 21.367 15.3612 1128.81 
7.87746 6.36338 26.5594 24.9926 2300.56 
5.58669 7.97806 12.712 22.3778 1728.36 
7.35959 7.8426 14.0104 24.6881 1594.68 
9.55248 11.3268 13.0818 16.5178 1147.32 
9.65491 14.4353 27.6872 24.853 2399.8 
10.6579 11.7171 27.6762 16.8832 2303.32 
7.90029 9.59522 11.9417 23.2595 1864.8 
11.7226 9.57462 19.7883 17.1048 1719.47 
6.16364 13.3244 25.2572 16.2991 2104.74 
6.95757 7.82585 12.8117 19.1495 1610.27 
11.9937 6.9338 28.5755 21.8455 1046.72 
14.2959 6.69563 26.2645 17.4184 1344.44 
7.27606 7.46837 14.1339 17.7506 2072.68 
10.3126 6.14541 14.0849 24.1961 926.982 
11.3281 8.95784 23.8752 17.2731 888.125 
11.6957 8.63606 12.903 18.4682 1908.16 
6.90173 14.1699 10.6746 22.7761 1194.14 
7.34772 12.634 15.6895 23.7383 2146.17 


Individual: 21
13.4191 12.7537 14.3783 15.2849 803.291 
9.13793 10.2281 12.549 15.64 1628.81 
6.54945 14.2334 12.7811 21.6482 534.529 
13.6536 10.7603 16.6711 13.8253 1091.24 
14.5758 12.6647 10.9521 22.6252 653.816 
14.5503 12.6584 28.8833 19.0579 1565.5 
9.96191 8.22164 12.2942 22.8987 2253.65 
6.18628 9.30501 11.328 14.4959 1130.82 
10.0945 12.5585 12.7783 15.6766 971.364 
9.90879 12.4539 16.8365 13.434 779.285 
6.39815 12.2959 28.5047 22.103 1751.18 
7.74528 13.8444 12.8618 14.8166 1254.59 
11.0403 13.5524 28.4614 24.288 1879.32 
7.67327 10.6274 16.6277 14.8584 1975.6 
7.47504 6.85025 14.2602 14.1503 1168.25 
6.98384 14.7324 17.2861 15.4099 2290.97 
5.06042 9.72806 23.8923 15.8456 1342.72 
10.0806 14.8959 22.9208 20.5259 2423.21 
6.98316 14.1718 20.2679 18.1156 512.544 
7.87981 7.20273 23.0888 15.0856 1091.28 
10.4009 14.1571 24.3757 19.0338 1770.61 
8.63858 9.42625 26.2155 16.2993 2032.03 
6.60861 7.84113 16.4497 17.9921 522.659 
10.9519 6.50903 27.2741 13.6471 1512.74 


Individual: 22
7.1328 12.1013 13.553 17.5755 1518.83 
11.0014 9.15739 11.0417 18.634 2281.47 
9.97312 13.5223 14.0418 20.0179 2247.01 
12.7578 14.5961 19.0373 23.5035 993.356 
14.5964 14.7156 23.7396 20.8745 1434.56 
5.47159 10.465 17.57 13.6669 2401.22 
6.01309 12.5184 19.8226 13.4791 852.734 
5.19449 9.00738 29.9013 21.5705 1223.87 
5.71656 13.9997 23.0401 18.1183 2253.01 
13.1208 11 15.3336 14.0288 801.917 
5.63517 11.7398 29.3668 20.4097 961.054 
14.085 8.19404 12.1062 23.1151 1603.05 
10.2856 13.2329 19.5118 14.3126 694.567 
9.8522 6.44548 11.0054 13.3544 780.608 
11.6224 10.4654 12.6591 22.8977 1103.01 
12.383 9.36468 11.4979 14.5395 1988.9 
14.0295 14.4982 25.9889 21.7734 504.726 
13.8426 14.2781 10.5619 22.9226 2113.48 
13.2587 8.85718 16.442 20.0198 2044.7 
7.16849 10.0734 21.0276 15.4565 1.#INF 
10.9947 13.8695 27.814 13.6687 762.714 
10.7726 11.7702 13.4764 18.5007 1510.44 
5.53828 6.25359 11.1137 21.3844 1299.82 
8.61899 9.29551 18.7738 17.9448 797.33 


Individual: 23
12.9744 6.97784 27.0741 17.8661 2284.36 
12.9076 14.0878 28.5111 17.6643 1371.07 
14.0659 7.38737 12.5081 13.8738 1059.12 
10.5125 11.2687 25.8161 17.7168 1510.81 
6.59862 13.0332 15.7646 16.5657 1526.01 
14.6839 8.27907 29.1404 20.4171 1190.23 
7.92048 13.8763 15.6886 24.0653 1608.66 
5.14831 12.6684 15.1135 15.0147 2355.9 
11.685 11.6221 10.7447 15.6371 548.15 
6.57023 14.956 13.6274 14.8484 2072.91 
7.9368 14.9919 18.996 14.4955 1594.87 
7.69169 13.3565 15.9017 20.9846 1087.79 
7.43522 13.1227 12.992 18.2736 660.107 
10.7884 8.62195 26.52 16.0585 2010.46 
5.08932 11.3189 26.7148 21.1349 890.442 
14.61 6.13249 26.6773 15.2713 1881.09 
6.95361 14.4311 22.3244 13.2161 2040.23 
7.42749 12.7013 27.3663 18.7798 1309.53 
10.3236 11.4675 23.1817 14.9155 1238.55 
5.40592 13.7477 19.8671 21.4254 780.497 
7.7771 11.7987 29.023 17.2342 1702.96 
11.6345 13.8246 23.6727 16.0111 897.813 
11.4085 6.41085 21.5025 23.9777 1803.46 
6.49621 11.1303 26.2157 15.3288 945.96 


Individual: 24
10.6347 6.71757 13.1541 14.9014 737.965 
8.77652 11.8763 20.367 16.5283 782.133 
8.94047 14.9861 11.1577 18.8851 856.473 
11.2693 7.36763 14.0685 15.0959 1395.87 
8.50574 8.83499 15.3839 13.1664 1082.1 
5.45929 6.89759 16.4947 14.2455 1016.35 
6.94685 6.91282 21.4452 17.9433 2090.33 
12.0323 6.13508 16.5275 16.0324 921.159 
12.5813 9.24238 13.2586 16.924 1532.92 
11.6286 7.77136 29.7579 21.9228 1286.81 
6.55143 8.93626 29.8298 19.1639 2429.33 
5.12602 9.44008 16.0332 13.6809 2469.15 
5.83989 7.59294 20.5471 16.1299 1967.05 
7.71259 12.0952 15.3281 16.1826 694.225 
13.6585 9.93167 23.6983 17.0822 820.442 
12.5767 7.2651 19.3894 16.1434 1693.5 
8.29146 6.99659 10.79 21.4234 1262.39 
7.62615 6.26236 23.7386 19.469 890.912 
12.0154 7.19069 14.6941 21.5887 1400.42 
10.2896 9.82617 15.3753 14.5175 1928.41 
10.1283 6.53878 11.4916 24.3702 1521.72 
11.8211 14.7545 12.7354 21.7608 950.316 
13.4089 10.4001 20.6158 13.503 874.444 
14.0521 12.683 12.6085 21.1786 2097.46 


Individual: 25
5.92192 7.51967 11.2411 15.4319 1384.59 
12.8386 9.65484 22.9269 13.459 1037.76 
7.42868 8.38926 19.6714 22.4508 1593.99 
14.2238 9.84333 19.2752 17.0677 727.724 
7.4145 6.82537 28.5738 15.6067 2181.42 
5.97842 10.5703 19.5551 15.7172 1853.09 
14.7256 10.2054 15.7782 18.1139 1532.95 
8.61958 10.2645 13.2559 19.9309 858.799 
10.5778 13.9481 17.8199 19.0066 908.831 
13.8035 8.04011 14.5771 16.1238 1937.16 
8.28365 9.76544 15.9208 14.452 2018.41 
8.70037 13.5778 23.6799 18.0835 1503.9 
10.3589 10.1456 19.6221 14.5982 1805.74 
10.4414 8.7874 26.9745 24.518 1281.93 
6.38387 9.39383 12.9623 15.4086 1080.58 
8.13266 13.9967 16.964 16.2616 1183.28 
5.42284 6.43292 16.7535 16.4382 1414.39 
5.90701 12.262 27.0204 24.806 550.177 
9.06286 9.47017 14.7902 14.2337 756.196 
9.08199 11.6444 27.3052 13.1797 1030.15 
14.4354 8.201 13.9198 14.3299 2277.78 
11.076 7.23953 19.1566 24.68 2465.05 
11.8884 7.37725 14.8297 16.7332 1719.51 
12.881 8.61729 10.1971 24.9843 2128.67 


Individual: 26
10.0687 14.8289 17.0031 13.1403 888.041 
13.313 11.3969 12.6397 22.9303 2460.15 
11.0982 12.5646 12.6754 17.4067 2122.55 
10.99 6.54092 22.3451 23.702 1311.67 
12.9544 7.60413 11.0058 13.9962 872.835 
10.3232 14.4 26.1182 23.5091 764.569 
6.11897 14.7215 23.4307 14.7597 1410.29 
7.47476 7.85354 11.8621 14.9599 2251.84 
10.7256 6.81474 11.004 13.8084 1457.32 
8.95767 12.0544 24.7055 22.8836 546.339 
9.17343 9.55389 26.6418 17.7288 710.294 
9.88173 11.3273 22.0957 16.6307 1400.2 
9.19101 8.91328 18.2956 21.1442 666.667 
6.49926 6.38338 13.8707 21.7486 1135.46 
5.72445 8.19017 21.0367 14.2177 1226.08 
8.96635 6.41825 14.9971 17.975 1716.25 
9.73747 9.70925 19.9232 22.1207 522.919 
9.84501 9.81152 13.5821 15.5414 1184.34 
11.5924 9.68799 22.1684 19.5118 1415.33 
8.63504 13.9031 17.73 14.0504 1724.33 
13.7515 12.0026 21.6712 14.0814 2064.41 
5.04762 13.1101 13.7407 21.3411 1017.06 
14.0198 7.2167 22.5745 24.9935 1906.68 
8.92446 9.91996 20.9505 14.1236 2028.46 


Individual: 27
9.19404 7.55658 27.7325 19.8844 1236.47 
10.132 10.3052 16.1796 24.8895 2422.22 
10.6034 6.00622 10.0113 23.7952 530.649 
7.78846 10.6486 17.9212 14.8818 1064.07 
13.6868 9.63762 16.3205 24.7571 1024.71 
7.19066 7.50536 15.0118 19.0633 1412.78 
10.3322 13.2678 15.7899 23.3404 1301.71 
8.00623 6.00865 25.9214 17.1928 2006.28 
14.9765 10.2416 21.4224 23.3625 666.667 
10.626 9.2846 10.6833 18.7569 1080.51 
12.7651 9.02431 15.9424 20.2845 1971.08 
5.73775 6.96301 19.5625 21.446 704.097 
13.3582 7.02125 11.7479 13.3511 699.842 
8.18405 6.43805 29.715 21.7522 1736.29 
11.9885 12.9458 11.3925 23.5561 2456.91 
5.84145 14.8287 22.0411 15.2249 1491.03 
12.6067 9.67522 18.9749 13.9354 1010.94 
12.9399 10.0266 12.7632 22.1978 1781.36 
8.94743 12.8898 21.1577 24.4572 1121.1 
14.0708 6.98333 26.075 14.916 2485.75 
10.6052 10.2323 28.471 18.3862 1420.05 
12.1691 14.2462 29.679 19.9536 831.551 
8.7469 9.39622 16.9784 19.2909 2379.66 
11.759 11.6223 22.3833 13.4191 1806.22 


Individual: 28
13.7024 14.5208 18.6994 21.498 1900.25 
6.56597 11.7616 13.2603 17.0372 529.13 
14.9591 7.11847 20.0572 23.5416 1917.7 
8.26986 11.736 19.403 15.2195 2046.91 
11.0236 12.7904 18.3739 14.0695 2091.47 
7.98352 9.36051 23.886 19.2753 1666.58 
13.2903 11.6044 26.2715 24.4932 1976.77 
5.42553 10.6319 11.378 21.987 749.884 
7.42852 6.59205 11.5539 13.9314 1674.28 
7.99039 12.121 26.7992 18.0962 1940.09 
6.67107 6.3133 12.6367 18.0697 2086.34 
6.45187 7.13399 10.0806 16.2368 2332.64 
8.88586 14.4603 15.3961 22.2086 2131.84 
5.24747 12.2363 29.7275 17.0878 2101.47 
5.54283 9.75026 20.7745 15.0376 548.676 
12.1462 9.8866 22.3766 22.0361 1585.1 
5.07408 13.3471 18.5901 17.4208 1671.61 
6.04594 12.7616 29.6048 20.1294 1325.91 
5.16689 8.8334 23.028 24.1398 1907.3 
10.7901 11.7134 14.0476 21.3342 1808.89 
9.44276 10.477 24.6328 19.4204 669.3 
7.80455 6.05809 26.3877 22.0159 580.926 
7.19611 12.0148 17.8192 13.9055 2231.33 
10.1307 11.0303 17.4602 15.0333 1994.01 


Individual: 29
14.966 11.4898 12.1726 15.0971 2132.44 
6.9705 13.012 12.5314 21.0239 2431.83 
6.21632 14.6369 29.7743 14.5465 1095 
9.7705 8.15581 18.4519 13.8963 1200.28 
11.433 14.6851 13.3565 16.3682 650.326 
9.84422 10.4142 19.3751 13.5357 816.338 
13.3818 14.5382 16.8247 18.5522 1500.73 
7.2231 7.35333 25.7523 21.0253 635.334 
10.1844 12.7066 14.8663 20.2901 1339.51 
8.40011 11.6942 23.424 13.2319 2095.74 
12.9665 14.0786 28.0022 21.5516 1546.97 
5.78005 13.6409 22.3983 21.2105 782.178 
9.33306 8.20624 25.0952 17.2395 689.092 
9.80293 11.9805 27.0942 13.5446 1420.25 
6.30865 12.8353 28.1818 17.6531 881.944 
10.205 9.01574 29.9447 23.4435 1090.7 
9.14324 11.3991 15.8779 16.7469 1537.04 
6.77419 9.70433 24.7263 19.0699 1112.08 
5.00967 6.7169 12.4412 19.4654 1619.85 
13.0352 9.73969 15.7896 15.6513 1353.73 
5.22667 13.1609 12.5493 18.0752 1021.18 
7.27649 7.63656 28.2024 23.8376 1817 
8.68267 9.15425 28.5051 21.2226 1467.69 
5.61989 13.5288 29.8133 18.4407 1940.78 


Individual: 30
12.2166 10.3868 29.3889 13.8797 2319.24 
6.08831 13.586 28.6543 16.5274 522.29 
9.28083 9.31494 28.2381 21.293 1139.42 
11.9775 7.44128 24.3054 21.3448 582.958 
7.18398 14.1269 23.7643 14.0517 1776.15 
13.5098 13.3717 17.9456 20.2835 1530.88 
6.48456 10.802 11.9798 18.7205 1363.73 
14.2144 14.1182 14.2462 22.9335 995.068 
8.20174 7.13827 26.4567 24.4549 2424.34 
10.4422 9.30657 16.9271 21.6222 966.899 
12.1629 14.4166 23.5088 14.3356 2037.96 
5.67521 9.47447 18.4507 21.2145 1552.14 
6.9583 14.5441 25.1915 24.2436 2284.22 
10.6235 10.9594 23.6014 19.7827 711.515 
10.333 9.73509 13.2499 19.6302 1486.84 
9.3774 12.1991 22.2272 18.6663 1972.7 
11.1399 8.83014 24.659 23.6713 1792.28 
8.38068 6.8969 29.9322 24.8291 914.537 
5.06125 6.34095 19.7146 16.1642 1018.96 
7.63245 10.0977 19.3227 14.2558 2295.28 
8.88132 14.362 15.9886 18.0492 1821.94 
5.20428 7.60761 18.5257 15.177 1188.66 
9.66807 11.9644 21.2533 19.5592 957.154 
13.8304 9.91254 27.0003 15.0871 551.056 


Individual: 31
6.58976 8.43758 28.4455 20.4595 1208.99 
8.46757 13.8631 26.8445 13.4768 1795.8 
12.3605 7.27443 16.4789 16.3073 2120.51 
8.92313 8.47401 29.6226 23.8048 2102.92 
8.2478 9.26444 16.042 23.1453 757.158 
10.833 9.89894 11.9488 21.1892 2443.02 
5.52017 14.7831 17.4241 14.9087 2327.08 
12.0407 13.6279 17.9156 20.7441 2370.03 
14.433 10.6888 17.8037 19.6841 2467.68 
10.5352 9.21659 26.5549 15.6133 544.309 
7.8485 12.4933 19.2625 18.8264 1579.5 
12.5884 10.3244 21.097 18.5345 1323.01 
7.33062 10.1634 28.6605 22.2368 2366.67 
14.8068 6.22305 28.6034 15.2748 1741.72 
14.1814 12.7889 22.6657 14.7923 1112.05 
8.67207 6.53652 29.0206 17.705 550.414 
8.83727 11.5986 12.0248 24.5835 887.708 
6.95307 8.68797 29.5602 13.3459 1938.53 
13.1982 6.11891 21.1263 18.6752 1983.65 
9.99724 13.6908 24.5617 24.9948 1614.59 
14.2291 8.36166 17.4038 19.2767 2182.14 
12.7757 7.24777 13.5624 16.5577 843.72 
13.9685 13.0693 10.981 17.6692 1974.87 
7.59415 12.6812 12.0897 15.8764 1199.09 


Individual: 32
12.2755 10.0303 16.6728 14.9112 834.517 
6.60367 8.59236 15.0526 21.4844 1126.08 
9.69335 6 18.3839 13.8001 1034.06 
12.846 6.94867 19.9872 16.3809 1894.03 
13.7662 14.455 28.3332 13.3233 2045.76 
11.6502 11.1905 26.4158 19.6952 2081.59 
5.61142 13.7755 17.7117 14.082 2320.51 
10.8677 9.85536 27.3822 17.4632 2226.23 
10.0814 9.01977 21.9754 15.2027 1580.06 
5.58662 14.4218 23.732 17.6987 927.257 
7.1892 9.88827 26.5037 19.5755 1388.67 
12.0647 9.52291 23.9873 21.5929 1706.31 
9.69187 13.5399 27.9825 14.8632 1904.03 
9.28695 6.80312 11.9166 22.3362 2119.86 
12.0193 12.4554 25.8044 18.2236 1492.21 
8.58976 10.1917 14.8783 24.7098 1007.76 
8.31935 9.68389 18.8467 17.6212 663.652 
10.4235 7.20036 11.7368 16.7032 2043.92 
11.6062 9.27707 19.0391 20.4516 1506.76 
8.54401 11.0022 12.5379 17.9435 2359.32 
11.6664 6.96149 21.4534 23.5574 1105.96 
7.04882 14.9653 28.3255 15.5731 1755.05 
12.5128 11.8382 10.6827 17.0179 1838.25 
11.6248 10.4038 19.7824 18.0762 1729.51 


Individual: 33
12.1041 9.35123 12.3103 13.7091 1915.22 
6.67285 9.93131 14.6738 17.1168 1803.29 
12.0292 14.6048 29.3043 23.8842 1504.63 
9.46889 8.09236 28.2833 14.33 2470.69 
8.23181 8.75622 29.4604 21.3666 2288.04 
5.676 10.713 14.2683 20.1632 2370.09 
5.57613 8.04469 15.692 13.4477 976.265 
5.40564 10.9894 19.793 16.2561 2196.58 
7.95907 6.10253 23.253 14.8863 1280.42 
7.88903 14.1136 27.1383 15.6638 1470.4 
5.35161 12.5285 27.3313 19.2563 1257.48 
8.68397 11.912 24.1401 23.5905 1621.77 
13.558 6.36978 16.544 16.2857 521.498 
6.74874 10.7992 10.3388 14.4167 1117.63 
5.41084 13.0563 17.3922 17.5629 1787.84 
7.8762 12.0167 16.1841 21.4877 1082.72 
5.84382 6.089 12.2184 24.3344 1294.85 
8.48696 7.10428 13.0792 13.5175 564.81 
10.5628 6.28566 22.3589 23.9766 506.864 
11.9262 9.06297 13.9317 13.6891 1157.96 
6.60891 6.19744 27.3941 14.2389 1877.47 
10.9399 10.2846 17.1767 24.7263 550.48 
7.55046 10.8903 25.921 14.413 870.707 
9.67402 13.8239 10.2124 14.0568 2304.39 


Individual: 34
5.28177 13.1369 20.5399 18.8184 1805.05 
5.67024 6.41799 24.4128 16.9652 1249.26 
5.95618 12.2016 18.2394 13.4128 1244.8 
9.86431 8.5994 22.9859 20.9004 1365.55 
10.5703 11.8195 11.522 23.8468 1815.61 
10.4993 11.6214 17.3637 23.2743 1734.85 
10.4476 8.62446 15.917 13.4577 2494.44 
12.3589 9.72661 12.6627 19.2572 1761.81 
5.90841 9.12887 17.2261 18.6903 651.53 
6.33208 11.2564 26.76 16.0939 1934.89 
6.60739 9.74176 23.2254 19.7821 916.229 
5.31676 8.91357 28.5709 21.7646 1786.71 
8.38284 12.4466 14.3928 16.5133 933.533 
10.5385 10.0848 21.3454 13.4327 1103.16 
10.5553 11.9333 25.5368 18.5699 865.235 
6.35371 9.84054 14.1468 24.3987 2160.33 
6.31589 12.6731 22.6967 20.5105 691.707 
5.82353 7.15413 11.2678 20.4633 1753.98 
6.46421 11.3959 27.6785 13.9506 2466.78 
5.38116 14.2482 14.333 18.1558 858.907 
8.48146 9.89849 12.5945 20.4188 2002.42 
11.0702 6.51633 13.736 22.7364 971.933 
10.7602 11.3968 26.8603 19.728 1878.42 
14.8916 13.468 24.3174 22.0783 1489.66 


Individual: 35
6.35487 6.98204 29.9797 18.5281 914.522 
7.59549 11.215 24.7293 23.5304 684.831 
11.6702 8.45988 26.9949 18.1517 818.436 
7.24713 7.66508 25.337 21.8831 2012.4 
6.26705 6.17446 13.3534 14.4015 569.017 
11.046 14.5586 18.7193 16.7156 1532.58 
10.1283 12.9008 22.2072 14.4323 2134.55 
8.68249 8.92117 16.0645 18.8577 1983.84 
7.51671 7.29525 11.0375 18.8328 544.733 
14.6668 11.5569 19.3093 17.1456 1134.59 
6.69454 6.30398 23.1468 14.3859 1014.39 
14.3913 9.49868 10.4072 22.6508 2270.44 
7.90725 6.23201 24.7567 22.1913 1458.62 
8.49194 7.10426 20.5214 14.0201 1502.13 
6.49906 9.63051 14.7828 14.5734 2316.67 
13.7297 14.1945 11.3701 22.5225 666.691 
13.9602 6.64466 23.5297 16.4458 1736.56 
6.65306 9.86546 28.6808 18.6073 793.363 
9.66262 6.72797 10.926 18.3041 1083.9 
8.09388 6.4095 26.5527 16.9416 608.834 
13.1097 6.42842 23.9264 22.3404 2387.4 
11.3594 9.93048 29.8486 22.4206 1100.54 
9.88698 6.85234 24.639 17.1836 1511.81 
9.88724 11.9696 10.5167 16.2332 887.665 


Individual: 36
8.30052 14.6242 13.9554 23.0316 2395.08 
10.7941 9.64032 15.9761 15.9512 2009.28 
5.24621 9.01793 20.3682 20.7604 1161.23 
9.03872 11.2094 25.0041 21.8167 1734.46 
6.67856 10.3891 21.9441 22.4565 2482.22 
13.912 8.78141 22.7655 24.3125 1482.23 
9.02082 13.5915 16.1651 18.6957 1943.77 
12.3615 8.29227 18.4132 14.8802 1973.65 
7.34959 10.4261 13.4498 19.3564 1039.1 
10.6492 9.18496 29.4698 14.2751 2450.65 
8.4585 6.97041 10.206 14.4612 572.932 
9.51702 13.2478 16.2899 21.5451 1907.4 
7.54468 6.06804 12.4716 16.3342 1524.71 
12.1709 12.8523 10.4113 15.9824 2079.6 
9.99868 7.20973 15.3015 15.4609 660.604 
5.21437 6.70794 21.1904 21.2646 608.708 
10.9457 12.3476 25.063 18.9158 1251.03 
7.11233 8.67878 10.6035 17.7066 794.054 
10.8585 12.8446 11.9538 13.8159 1178.03 
8.70447 7.97232 15.5092 18.7143 1711.73 
11.5938 8.8877 19.2018 18.2825 1390.8 
5.02492 7.89769 14.5194 24.4729 2017.48 
6.20414 14.0465 18.6166 20.1805 2012.92 
13.7674 8.93266 18.1798 14.5241 834.681 


Individual: 37
11.6338 6.28357 26 16.9313 1993.76 
7.90676 13.6633 10.0332 17.4519 1294.61 
13.0864 11.009 14.5152 22.1731 611.982 
11.772 9.71218 22.2441 14.4136 1547.57 
9.75519 10.4244 27.6636 20.3514 1619.81 
8.0636 8.70823 17.4696 19.2322 847.523 
10.2375 10.6908 14.3115 14.1025 774.482 
9.08983 7.31014 29.0154 22.2627 1235.08 
14.3473 14.6833 13.319 13.2973 1869.59 
9.0719 12.8497 12.8223 13.7408 777.374 
8.91357 8.22121 26.9303 17.6582 768.116 
7.00656 7.05086 11.72 15.7002 1244.95 
7.84321 8.03535 28.7445 16.1711 1493.62 
5.01008 10.9898 12.1569 23.8527 1218.49 
14.4378 6.21447 13.0262 15.128 1840.8 
10.8889 10.1676 27.0248 19.2539 1598.68 
13.7663 12.7488 21.9411 13.2166 1018.88 
6.11014 13.9238 14.3355 22.4237 2122.88 
6.81742 10.7284 14.5976 15.779 2102.07 
8.50563 11.6902 10.784 24.355 1941.22 
7.39232 14.2593 11.6218 19.3998 2211.45 
5.96741 10.2428 16.7321 15.7778 986.02 
7.46508 14.7112 16.0335 13.1842 1262.57 
11.3937 7.4365 13.695 14.392 1079.39 


Individual: 38
10.5314 7.78302 15.9951 14.8969 1296.4 
13.2266 14.1897 18.4843 19.0595 614.286 
6.35384 12.3307 19.3378 14.9161 2425.08 
14.1905 14.185 21.1305 14.6265 1344.87 
5.62557 6.53378 25.3692 20.6964 1414.85 
6.69585 12.1122 18.3578 15.404 2075.07 
8.28868 7.39324 22.9703 17.2584 1194.11 
5.57312 12.1188 13.7676 22.0802 1163.08 
6.78833 11.9542 18.159 15.4858 1446.27 
14.735 11.345 13.3891 13.34 1351.2 
10.1622 7.89158 10.9361 23.2248 601.313 
10.8891 7.8697 27.3385 22.3554 944.93 
5.37171 6.41171 16.1224 20.0808 694.076 
9.36533 9.80223 28.8604 14.4546 714.881 
6.65592 8.75986 11.4088 20.5576 842.645 
5.45775 6.32295 11.2684 17.7004 2055.58 
5.08021 9.95661 21.2461 18.5933 1763.38 
12.071 6.31999 24.3856 13.2309 1629.98 
7.05036 11.3871 22.093 13.7365 1432.43 
10.2226 14.1629 21.2119 17.1146 2358.5 
7.43128 11.4245 18.0059 16.8771 889.094 
7.954 8.69935 28.6828 21.7864 1172.62 
14.0015 7.47828 12.9987 15.751 1165.7 
10.38 12.3794 13.9555 21.9858 1028.86 


Individual: 39
12.0514 14.1934 20.328 23.4282 1351.99 
9.14084 14.1099 13.6217 20.3753 1730.4 
6.08321 13.2655 21.5828 13.8568 636.944 
8.13742 12.0478 13.1771 23.8689 696.754 
6.79439 8.47736 10.9306 17.1954 809.189 
7.15624 8.00462 12.8961 15.8493 1869.54 
9.8671 9.53767 20.0072 22.6607 650.757 
12.0455 12.8061 18.7825 22.6111 666.247 
9.08337 8.5 10.899 24.2109 1498.59 
7.57856 7.12043 10.7576 17.3578 852.078 
11.8084 7.70121 12.0186 23.7485 918.026 
9.43759 6.66512 26.1711 13.9328 1823.91 
14.6381 6.12342 17.8864 20.0534 1779.31 
5.50051 6.41979 15.0609 14.9608 1115.35 
10.2479 8.00533 26.1618 14.9322 1569.92 
6.25051 10.9631 11.8052 21.8722 2474.47 
11.9075 7.39037 25.2087 17.8064 2499.86 
6.27198 11.1617 27.6923 15.177 1298.42 
12.7616 12.7297 10.726 21.2139 890.474 
12.0887 13.6709 25.749 20.3662 1978.05 
7.49403 7.07522 25.0093 15.2426 644.592 
5.72803 12.9832 15.0911 23.6485 1143.05 
9.68912 8.01381 11.0699 16.2711 783.359 
5.18468 8.82978 24.3236 17.8498 843.966 


Individual: 40
7.71005 7.80031 10.6564 19.4809 1661.6 
8.51594 14.6655 28.1666 22.3899 2407.4 
6.77004 8.26317 20.3657 19.8205 1091.9 
8.4043 7.62519 25.4349 24.1912 779.573 
7.72169 9.96032 21.0235 18.0466 2197.52 
8.32742 11.1709 24.7755 18.8675 1048.86 
10.4636 14.1227 15.824 19.7273 1710.91 
8.63495 11.1661 24.5171 16.8359 888.166 
12.8487 7.27384 21.3663 18.5769 1677.85 
13.0379 10.3141 29.694 13.8262 2289.92 
7.68144 13.1558 17.7086 17.6866 926.106 
10.3904 9.23979 13.4701 13.315 1124.98 
5.1548 7.33128 11.9806 19.7571 1614.66 
11.2732 7.07695 20.7253 17.1853 1994.81 
10.0868 10.8227 22.2066 13.985 697.289 
5.08163 10.5055 10.1521 16.241 1442.01 
7.28894 7.80206 20.25 14.7718 1634.14 
5.14022 12.4356 23.0444 16.8365 523.746 
14.5317 10.2851 26.5002 16.7881 837.324 
10.3061 9.20734 16.5568 17.9116 1309.01 
12.8836 6.21709 11.9734 14.359 852.115 
14.2191 12.9435 15.5108 13.0654 2217.96 
6.59516 6.59432 13.2771 13.5631 2403.61 
9.32363 9.76971 20.1563 16.9397 565.305 


Individual: 41
13.6769 14.3295 13.3353 16.5621 1665.46 
6.1994 12.2303 13.1605 17.1949 1485.29 
9.99916 7.9884 11.1976 13.7103 1292.96 
9.91589 7.11075 10.5606 21.6077 1215.52 
9.80888 13.3044 18.7486 21.3605 1076.82 
13.9784 8.91687 21.2874 24.039 692.266 
10.1586 6.87561 27.2184 21.7705 1532.63 
12.2466 10.7043 25.3961 23.8651 1962.53 
5.35974 13.3305 27.2768 16.7958 1208.39 
9.12438 10.1962 19.853 16.1041 1089.38 
5.71919 7.59756 22.9222 20.9817 1640.86 
7.44401 6.83759 16.7955 24.3573 2076.29 
12.2932 9.52895 17.3008 15.1219 1862.36 
13.1034 9.82633 18.0723 17.896 578.793 
10.3551 9.01498 19.8212 22.5389 753.034 
6.02041 14.5937 10.7924 14.5953 532.894 
5.46858 7.50644 10.1365 21.2205 2190.01 
10.8689 13.1446 15.2003 22.6465 2094.67 
10.3974 13.4235 18.3718 24.4166 1480.53 
14.9719 11.9561 12.1064 17.8609 639.298 
10.0431 11.4612 20.1507 15.7788 837.079 
5.12858 6.36325 10.5511 15.551 849.423 
14.5997 9.0725 10.4203 20.1163 2414.83 
10.6385 6.72277 15.5605 16.4341 2364.8 


Individual: 42
7.67516 7.0874 21.3389 16.7844 578.301 
8.79682 9.93316 28.3641 13.3723 1204.78 
7.43164 8.85274 10.4469 23.8248 1764.43 
5.62071 6.32791 17.4365 21.7123 1116.87 
13.4165 7.01551 16.4235 13.2122 1098.28 
13.0786 14.8897 23.2706 19.8681 1603.86 
11.9761 11.4984 16.0517 18.254 677.12 
13.7883 12.6278 19.7192 22.0549 2038.6 
10.6327 6.57369 10.3816 16.5362 617.188 
5.72459 13.0547 28.4758 23.1141 774.599 
7.17652 12.9476 26.4437 13.2878 589.402 
9.74703 6.96963 24.5236 14.4261 578.593 
14.4798 11.4683 28.8096 15.5592 728.137 
6.79386 13.6363 29.8697 20.6997 2244.21 
10.2437 6.1066 15.8593 14.3943 1780.78 
14.4435 7.94983 25.7551 23.6671 1474.55 
12.9549 8.46351 10.3676 16.2689 1575.98 
14.7405 12.4603 21.7171 23.2245 2222.15 
14.651 7.61977 25.973 18.6687 1931.73 
8.76943 6.70944 28.7999 21.1392 2328.43 
11.9189 7.06452 14.6073 21.7528 1225.12 
12.0149 6.44297 27.4057 24.3319 1692.86 
9.96029 7.59668 14.4575 22.0863 1833.49 
8.94737 12.611 11.4462 17.7272 2278.47 


Individual: 43
12.9775 10.7375 27.7908 19.304 874.312 
7.75311 6.96024 28.0657 15.078 846.755 
6.55844 13.3123 16.268 24.4619 759.151 
6.52052 14.8122 14.9353 17.4028 554.889 
5.54682 12.8147 20.7872 19.9659 1980.36 
5.79217 13.1133 21.8192 13.6113 1711.28 
10.3666 11.3716 20.0114 23.8597 2204.79 
8.63984 12.9896 29.3309 15.7658 639.549 
10.5902 11.8619 10.3216 18.7291 2210.42 
5.35034 14.9646 23.9816 20.4312 1940.77 
6.16191 14.829 25.6949 13.4929 1527.8 
9.52837 14.0149 19.4301 24.0948 1445.01 
6.82542 9.79331 24.8319 16.6134 568.62 
11.4066 8.04429 17.5369 18.6726 1666.57 
9.42824 14.3485 15.9934 14.0967 779.359 
13.7456 10.8746 11.2049 14.6172 589.112 
14.7562 7.58725 16.511 21.6123 1880.72 
7.41021 9.80806 23.0086 23.8318 2024.12 
6.32957 11.7038 28.6813 14.5276 697.416 
12.6086 8.69575 19.3483 13.099 504.281 
7.09203 7.4269 25.2184 15.6639 2314.91 
8.07443 8.96535 11.0108 14.9524 1078.9 
11.9603 9.13669 13.9409 23.3055 714.397 
6.6003 6.57667 12.0587 16.5477 2169.72 


Individual: 44
7.17269 13.7723 22.4962 17.9089 1431.43 
11.766 8.19408 19.4923 15.7351 2094.59 
5.1673 10.5263 10.7196 22.4708 2489.5 
8.20247 8.6584 13.2644 14.5027 2073.11 
13.3625 9.8545 14.3711 20.3238 802.221 
12.8341 12.7526 26.9306 22.342 672.322 
7.96613 10.0958 18.6154 23.4223 1755.46 
6.96357 11.998 10.3836 23.5694 661.736 
6.50181 9.29469 11.707 17.5609 1635.02 
10.1149 12.8136 11.4278 23.2856 1693.21 
7.78701 12.4447 29.1863 15.663 1117.33 
13.8345 13.141 11.5262 21.1827 545.344 
9.93001 14.3889 28.5813 20.5504 717.352 
10.1986 9.4448 18.2004 15.6894 1504.06 
7.87209 11.0722 22.8784 20.4163 1037.21 
10.8705 14.3238 18.0512 23.533 1152.14 
14.0873 6.39136 12.8623 15.5687 1950.03 
8.95271 10.6292 11.4186 18.9033 703.86 
5.37749 13.5105 21.1155 23.8616 2058.42 
9.5068 6.29462 14.3777 15.5651 1646.38 
5.66307 7.26245 18.0241 18.2442 2133.8 
6.41212 11.9891 17.7774 24.0591 1476.73 
6.37214 6.58174 17.7248 18.9208 1274.6 
6.71883 8.55761 29.5627 18.4621 507.851 


Individual: 45
13.3949 7.37758 10.9562 19.9967 512.034 
12.0382 6.892 11.1936 14.6216 888.504 
14.4499 7.16996 17.7642 18.7383 1036.57 
9.1531 9.7358 11.1842 24.5263 926.436 
10.1508 13.1928 14.0335 16.3742 1756.19 
10.595 8.33651 28.2396 16.0692 2395.53 
11.7265 8.39824 19.3447 17.8754 2190.66 
9.81934 12.8342 11.151 21.2562 1779.01 
13.3756 6.51731 27.5085 18.4932 1858.25 
6.88398 8.56904 19.4468 21.2247 2195.14 
7.03796 9.8964 29.7309 16.5556 1393.12 
5.76577 13.1803 27.9357 22.1147 1708.9 
6.42097 10.8957 19.1208 17.9551 909.154 
14.4091 12.8818 12.0649 21.7405 2354.31 
5.76093 14.8392 10.752 18.421 1785.64 
13.6187 9.14533 23.4337 14.0156 566.504 
9.90301 13.9585 10.2137 21.1628 1500.43 
12.8057 14.488 13.0408 13.8596 1210.06 
13.0318 8.35995 16.4816 13.0438 1960.13 
13.1761 9.02981 12.6774 14.4869 978.712 
9.10324 14.3673 13.5481 18.3798 1627.89 
9.92481 8.17777 23.379 24.014 1282.81 
7.38588 6.8543 25.1912 13.4232 854.507 
9.60722 10.1291 12.5349 15.4383 885.412 


Individual: 46
5.11163 11.0769 13.6782 24.5565 510.604 
11.7359 13.446 10.5708 17.0519 1159.3 
13.975 11.9123 23.7123 18.656 1464.09 
13.9559 7.54402 19.1432 15.7276 572.254 
12.1681 8.7073 25.8664 20.5869 2477.69 
14.0694 10.7456 16.8716 18.908 819.531 
9.62124 13.0863 13.103 17.9983 500.735 
14.8394 7.80766 12.221 23.0717 730.675 
10.9349 13.193 17.9486 22.261 2272.37 
8.80863 12.8999 13.6762 13.9221 804.628 
7.71133 13.8666 17.1525 22.0071 1022.79 
11.4947 8.33275 19.9847 15.2115 2331.11 
12.3336 6.32236 22.2563 23.8394 1327.88 
12.2889 12.1871 14.9954 14.2995 2260.74 
8.70295 14.2842 20.8493 15.1165 1929.33 
11.4503 10.1953 26.1646 23.8739 1429.24 
12.7076 10.4316 23.6244 20.2675 2297.26 
13.5663 13.6256 23.6637 19.4476 1250.87 
9.1469 6.64215 24.3305 19.0923 785.945 
14.1892 11.6714 14.7925 23.6397 795.222 
11.8494 9.22613 29.4061 23.5778 1912.22 
6.41268 10.4356 12.7653 24.8065 1867.29 
7.32077 7.47803 18.0297 24.1821 2023.21 
6.47277 10.3998 29.8297 23.4824 1005.56 


Individual: 47
13.7706 12.0195 14.0297 13.8929 562.304 
12.2533 14.9324 13.7768 13.1203 1419.15 
12.5573 12.5572 25.4496 17.1257 2275.53 
6.4621 9.86002 10.8505 15.9627 1251.67 
14.3271 7.51969 21.7351 14.1783 647.309 
11.0581 8.5963 22.6446 20.2072 2091.63 
7.84698 6.05286 14.3728 15.4086 2334.97 
7.76063 11.7111 20.7633 23.2297 1413.82 
8.72491 8.52478 24.6264 18.0943 2267.23 
7.47402 10.9999 27.4026 15.5802 1872.91 
11.027 6.0724 18.3466 16.4826 1901.16 
13.9399 9.99834 21.0263 19.3509 2059.55 
11.8476 10.7924 26.9263 24.6689 1970.05 
13.5632 10.3492 18.348 18.895 2170.22 
8.4132 6.92297 21.845 15.6433 530.457 
6.54987 13.9106 18.3557 24.0976 692.906 
10.6872 11.6751 25.185 24.3281 1157.61 
5.11798 10.7755 24.74 23.8858 584.233 
5.75685 8.02112 15.4013 15.2331 1300 
12.8083 8.40909 16.03 15.2446 1327.59 
8.92656 13.0033 21.5573 22.5976 2350.86 
10.8391 8.24696 20.5186 20.5171 2247.73 
5.57559 12.9721 26.2823 24.3233 2012.5 
14.5873 9.62342 23.1997 13.5678 1556.18 


Individual: 48
5.83445 9.04103 13.3424 21.8859 1867.82 
6.06059 12.6325 22.3012 19.5096 2077.66 
9.04123 11.828 13.3562 16.5344 1434.87 
14.5031 9.10876 16.9212 14.8983 1855.79 
6.20146 12.1624 21.7281 20.3498 1298.25 
14.8909 8.29361 25.4853 18.5336 1745.46 
12.0596 8.88521 24.8976 14.9182 801.191 
9.1249 6.16877 28.3308 20.6867 2185.44 
11.6245 7.85692 16.8629 20.6601 948.913 
12.1105 14.3785 19.5584 24.3256 1376.13 
7.36034 9.08688 11.2568 18.9473 1629.25 
7.95974 14.8763 28.2673 13.9446 882.892 
14.6454 11.0932 18.8398 20.6316 1357.58 
6.75303 8.61928 20.342 15.6562 1107.58 
11.7819 7.10365 19.0934 18.7235 2246.34 
13.9907 12.6133 10.2931 23.1183 1827.3 
11.1192 6.4566 15.3292 22.9132 2111.54 
14.4156 13.8128 25.2 21.0808 1522.44 
13.9743 6.99723 27.761 22.1357 1379.94 
11.7788 10.1851 14.0796 23.6164 1263.14 
7.41523 11.5903 13.6004 15.5722 894.749 
14.9495 12.439 26.1227 16.6923 647.623 
12.5714 11.9437 21.5124 15.1429 784.989 
11.5155 10.5551 20.909 24.4394 1197.37 


Individual: 49
8.20371 10.7265 25.533 14.4692 891.537 
5.14893 11.1697 21.9661 17.4039 1371.46 
5.75442 11.9003 14.3955 19.6562 2094.46 
12.0268 6.25902 24.1719 23.0901 659.097 
14.8488 11.9805 17.2031 18.1783 616.753 
8.61015 7.81662 23.8853 17.047 2349.52 
14.7796 12.2859 19.8546 22.8512 696.678 
14.3278 6.35156 25.0411 19.4331 2230.8 
13.4196 12.966 21.5771 22.9051 1608.98 
10.2713 7.1422 28.5855 22.1621 943.115 
14.7484 11.3673 24.6361 20.2597 1003.65 
10.5388 12.6887 16.0747 17.8989 863.473 
14.0811 14.1099 27.3892 20.04 1786.96 
5.27399 11.4795 18.5905 17.0536 1648.74 
5.13039 14.7392 13.9658 17.6838 2251.99 
12.8956 6.21085 22.0176 15.7822 931.945 
6.58668 14.1301 14.0324 17.5214 1543.98 
9.00094 6.89876 29.5153 18.6982 718.088 
7.01864 14.3915 18.991 13 1454.46 
6.19452 11.1294 24.3595 20.2385 737.957 
10.0511 10.4848 25.3377 22.2234 1312.37 
11.3 12.6319 24.4425 14.8853 963.215 
14.9689 14.0636 24.5698 22.3621 899.37 
5.36269 10.3398 13.5061 24.5356 514.203 


Individual: 50
14.263 6.83437 12.6122 19.6184 1299.69 
12.0525 10.7084 15.3071 17.5313 2394.78 
13.2639 12.5964 29.0238 14.7752 1475.61 
9.223 11.2521 24.248 19.0158 1444.68 
9.55659 6.78548 29.5611 16.0271 1430.56 
8.37413 8.74655 17.3863 16.9365 1386.64 
11.1718 9.18651 21.053 15.9773 1268.48 
9.98736 11.7607 11.89 14.1487 2108.37 
12.618 10.0985 13.9761 18.9501 885.625 
6.10765 13.9294 29.5779 18.9389 856.446 
13.3858 6.78349 16.4467 17.7927 1476.72 
14.1346 7.58601 22.0623 14.6367 2204.29 
7.50612 13.6708 14.9846 17.8783 1413.47 
8.26289 12.661 28.5178 22.4769 1863.72 
5.0447 7.39891 27.6132 16.8996 2223.54 
11.2219 8.53416 13.4898 21.2299 1634.07 
10.1931 9.40704 17.1379 17.9406 1069.67 
10.3038 10.5651 19.7366 20.4832 811.927 
11.4078 10.2084 29.6973 16.3811 2045.14 
8.65005 11.9482 21.2432 13.6622 1939.25 
8.60324 14.0912 20.3013 21.9586 2441.04 
9.36206 11.1517 11.9051 23.6663 2108.01 
5.74245 14.9748 11.4417 17.8964 1678.81 
10.9228 12.3195 23.5528 14.6755 566.572 


Individual: 51
6.17137 14.6452 13.5048 22.6024 1541.38 
9.81806 7.7161 26.5064 22.8003 636.011 
6.55735 11.9832 11.7578 20.1918 1091.14 
5.47804 11.0943 18.0685 24.2825 1616.55 
14.9135 11.0893 16.0561 21.3219 1203.49 
12.6612 6.70435 11.5019 21.8779 2483.91 
7.93406 11.2537 27.9847 18.3747 540.872 
9.81105 9.49219 23.0239 22.2163 1194.58 
13.5155 12.5348 22.5351 15.4428 1507.04 
9.92828 10.4766 20.0021 20.0175 1014.38 
5.81634 11.9224 14.8633 18.9772 1147.32 
13.5863 8.36237 22.3571 20.919 1865.96 
7.76566 14.5773 19.1484 16.5131 2362.27 
11.0864 9.89283 23.657 21.1538 909.956 
8.72481 9.81442 14.2229 23.5423 579.871 
5.01756 7.43173 28.7137 21.6904 1083.6 
5.51875 11.0763 28.2657 18.377 1927.61 
5.94585 14.3203 27.1152 19.3232 1668.17 
10.3336 14.1439 23.329 21.9809 1853 
14.7424 10.6406 10.6303 13.7491 1526.92 
11.7466 6.97425 21.4279 13.7541 2124.51 
13.4614 8.50925 17.9785 13.3508 1409.98 
6.27219 11.7148 16.1323 14.0473 1052.51 
7.3934 11.6747 13.8237 21.8415 1543.93 


Individual: 52
14.8366 9.64203 21.4742 14.0935 1793.71 
8.72733 9.5493 19.3673 18.0439 841.933 
8.23758 6.655 23.4596 13.7939 1575.58 
13.3739 9.55931 29.5145 17.7644 1060.33 
13.6177 12.1633 10.3945 22.8496 1732.95 
9.77584 9.26906 15.2506 13.5749 1112.38 
14.5361 7.90742 10.6685 14.5357 1337.89 
5.05855 8.45342 29.6906 13.9141 2027.21 
10.9265 9.30591 17.7719 21.681 741.448 
8.41001 11.7692 12.6196 13.4883 1493.48 
9.153 6.22705 21.9007 23.3794 858.38 
12.6621 12.9391 23.8164 16.2781 2106.8 
11.6447 7.17108 29.1319 16.3632 1860.76 
7.78198 10.6292 24.6956 18.8993 851.153 
9.84112 14.8111 27.7938 16.7489 563.469 
10.1692 12.0714 21.5711 16.4789 1135.26 
14.7795 14.4801 10.9353 22.1265 2177.47 
14.2508 8.79792 12.2011 18.726 1323.11 
9.9184 10.0328 15.5614 21.8571 1529.13 
10.0517 11.9539 10.2069 20.9033 2025.83 
11.9207 13.5276 18.403 22.3114 673.492 
11.3616 7.79589 15.8855 14.1051 1629.37 
6.57948 12.9109 10.0103 16.7695 2305.74 
11.5558 8.89697 10.3153 21.5622 1422.77 


Individual: 53
11.1976 10.4056 25.0691 14.7783 1085.6 
6.85139 12.4825 27.6088 20.6587 1388.06 
11.2132 12.3173 27.5833 21.3962 2255.16 
13.6852 7.5711 25.8025 14.7536 1308.72 
5.96773 8.48885 15.5436 14.8999 1423.82 
8.82377 6.16771 17.7864 16.789 2017.74 
8.4079 14.2274 16.3476 22.478 1333.26 
10.5697 12.9828 15.5751 18.1272 2277.01 
11.7869 9.38824 29.7217 20.132 1732.13 
13.4395 6.39613 15.6026 23.5352 834.13 
9.21021 7.66502 11.6565 16.1922 2233.52 
14.6503 12.6642 15.9345 17.8884 2418.27 
6.98397 11.433 13.321 13.3673 1021.12 
7.36058 11.4307 10.005 21.5469 1431.85 
5.75998 6.07955 14.226 19.7347 977.172 
5.96983 11.4748 13.8026 23.3128 598.118 
8.92788 13.9804 25.7635 16.792 632.958 
7.60038 6.2095 29.6327 20.1509 2477.73 
13.3251 14.3793 12.9788 15.9245 1163 
8.68672 10.2502 21.3818 17.3732 982.29 
12.0079 12.403 19.7997 21.4908 1656.94 
6.10401 14.2779 18.9042 19.1115 1745.26 
11.9888 10.8168 11.1144 20.9742 1924.49 
14.9565 8.81555 29.2146 14.5643 1263.4 


Individual: 54
11.7686 8.61206 14.4655 15.1638 776.194 
11.6499 8.13021 26.4359 23.3577 1519.54 
13.2241 10.3967 19.7299 13.3811 1823.41 
7.88623 7.28901 29.2362 18.7701 2402.34 
13.1719 10.1914 11.5163 20.5446 867.441 
7.58047 11.7704 17.7729 13.3059 2054.82 
7.22064 8.63196 14.5942 16.2662 2380.65 
14.3077 12.3617 26.196 20.2738 580.229 
10.7798 8.77529 10.9252 16.0926 689.819 
5.75774 10.8966 29.7469 13.1345 2149.33 
10.1194 14.8367 15.0295 16.5055 1081.35 
7.29671 13.6478 15.1084 18.0984 2277.25 
13.7179 11.9682 27.5471 15.2503 1850.81 
5.99584 10.1622 22.9735 13.9675 781.553 
14.1846 10.6051 13.6202 14.9196 1664.92 
13.3169 9.22982 24.8151 23.6595 1186.86 
12.6345 12.855 25.6153 14.2701 994.624 
13.5923 12.3565 24.1219 15.7295 2280.97 
9.48878 8.79252 20.9805 23.597 721.062 
5.96481 9.57378 25.357 16.5878 1471.72 
14.2465 8.49552 14.2045 20.9038 2433.35 
13.664 7.64456 10.9957 13.447 2457.45 
11.3285 13.805 10.0355 22.0673 2444.9 
5.63304 6.77681 27.5514 20.4655 1002.72 


Individual: 55
6.15036 13.736 28.9256 18.3969 2013.66 
6.41351 14.0507 15.1299 16.8387 708.923 
10.6338 10.8974 24.2643 18.7133 906.197 
10.6425 7.98611 15.4141 20.1077 700.74 
5.67015 7.70541 10.0434 17.5399 1275.67 
12.3387 9.5081 24.7241 15.0463 2100.84 
5.37586 9.26715 27.9711 14.787 514.436 
12.7137 7.28555 20.6174 24.7114 1460.22 
7.70546 9.73028 15.4515 24.7303 1180.52 
6.52379 8.04414 26.875 22.522 937.821 
8.19542 6.96788 22.3302 14.3986 1390.58 
5.63605 11.181 23.0122 22.7471 598.138 
12.6921 13.7647 27.9588 13.6004 1976.86 
13.755 8.87354 20.1756 17.9548 1865.61 
8.03371 13.9175 25.7382 13.3076 1005.58 
6.03897 9.33172 29.4372 23.5449 1072.87 
6.88515 11.8861 14.1001 23.6791 812.042 
8.8214 10.4732 13.6862 20.2541 1450.57 
10.4305 12.0943 23.6162 15.2082 725.766 
9.859 11.1166 23.3521 19.1575 1527.09 
7.82798 7.19109 26.5638 15.947 2495.38 
11.7785 7.94188 14.6666 20.8791 1440.11 
7.99425 10.9052 25.9475 17.9115 749.185 
13.8105 7.90845 25.2719 17.5219 1056.1 


Individual: 56
12.2116 6.48751 19.9747 22.1615 1659.6 
10.1208 6.74468 27.0546 16.2858 834.29 
14.7825 8.69359 14.8898 15.453 597.947 
5.50969 11.5635 17.7881 17.3876 1985.67 
9.68302 11.7594 11.5548 18.9908 1285.7 
12.3936 7.20993 12.7861 16.8729 1018.09 
9.07264 9.45819 25.8347 19.348 1789.56 
7.1164 14.518 14.0358 23.5423 980.658 
9.29425 10.8558 19.3981 23.2065 824.832 
7.19167 8.01807 11.1293 14.4062 2376.65 
9.83516 9.062 14.2722 14.3581 559.991 
12.8972 7.20257 20.248 17.7338 1924.95 
14.3828 8.83664 15.0048 22.2547 2488.81 
10.0804 12.9528 13.6918 14.3148 573.108 
6.61651 8.76389 10.3701 23.5744 2001.13 
12.5488 10.1454 23.6573 18.2524 611.712 
10.0265 9.9814 18.1287 20.7688 2001.72 
11.0153 9.65852 29.2952 13.4583 2079.16 
11.793 12.1885 16.9674 19.406 1624.34 
6.93548 9.83927 16.6065 13.3602 1483.47 
12.1552 9.33609 23.2459 21.3101 1778.75 
7.70552 8.62261 29.7456 16.7283 1730.36 
7.25751 7.022 11.2881 17.5139 2231.93 
5.2187 13.7284 16.7725 15.1496 1692.48 


Individual: 57
6.91665 9.44424 11.4678 15.276 1776.48 
12.4681 7.287 21.421 23.2985 737.867 
6.27959 7.00356 17.9534 22.3555 884.169 
5.83477 9.24876 12.2571 19.4995 2036.13 
7.58905 8.48882 27.1318 16.7705 549.337 
6.61411 12.5706 23.3878 18.1984 1612.13 
7.16913 10.5128 18.9633 13.7069 1133.54 
12.3687 12.9528 28.3686 14.2646 597.467 
14.4255 8.65825 18.9637 20.3933 2426.54 
11.7115 13.825 13.5229 21.9989 791.529 
7.21341 8.49841 15.7856 16.7655 1444.88 
12.6654 6.85616 24.2881 20.2285 2016.09 
7.0683 8.28401 14.2139 19.6039 2008.04 
9.40979 8.20559 14.0975 17.6759 511.214 
5.61366 11.8086 23.8889 17.9334 1690.16 
6.87833 6.90121 25.1447 24.7014 1008.38 
10.2528 6.11384 18.7958 14.3812 1572.99 
7.68333 10.5597 29.8751 16.6342 860.284 
8.15315 13.9277 10.2582 15.351 1323.6 
13.34 10.9279 10.1447 13.2886 2338.08 
6.12221 12.0665 12.5394 14.1073 636.597 
7.57899 12.605 19.9465 18.6947 1506.13 
6.89193 7.99895 22.9437 23.3141 1058.78 
6.93223 10.8115 18.0096 15.8833 2097.29 


Individual: 58
6.21462 14.3069 16.9427 18.0284 1354.28 
5.80089 9.55772 17.9316 24.8269 1469.3 
11.6258 6.93217 16.6608 14.1704 1606.05 
8.264 6.14674 20.9423 13.6568 1737.69 
11.1194 12.1753 13.227 17.5903 1835.44 
7.56913 12.8696 16.6667 19.499 1129.63 
11.7942 7.00905 23.0013 20.0463 1586.65 
7.80739 11.6542 28.9489 19.3581 613.508 
9.37989 6.48986 13.7829 14.8434 1664.58 
9.98053 13.0964 16.9739 20.1466 1057.41 
14.2664 8.94841 23.2259 13.7253 2267.46 
9.37772 8.02283 26.5613 19.8431 1201.86 
7.04993 13.4282 28.6643 14.1045 1143.31 
8.13361 11.304 11.131 16.0912 637.905 
13.6125 10.577 17.9627 13.6816 775.641 
14.7599 8.27393 10.3807 20.2022 1678.56 
5.39659 8.31837 11.5594 19.9356 2006.57 
14.9028 14.981 23.7589 24.1236 814.235 
5.39026 7.11308 10.4666 23.5836 856.593 
6.53565 12.1329 20.8239 21.1207 2276.26 
8.09538 12.6782 23.3512 24.5439 2155.57 
9.78104 13.1419 21.6696 20.941 832.512 
12.9857 6.31229 15.1529 14.4708 1246.54 
13.8102 12.4894 23.7021 15.4939 1542.41 


Individual: 59
13.537 7.11975 20.6803 17.6544 1263.09 
8.96018 6.26894 20.9904 23.4195 852.001 
13.7013 7.56033 20.0065 24.3584 887.869 
10.4553 8.62793 18.2917 22.7534 1729.42 
10.0617 10.2486 19.1584 14.1055 1742.32 
10.9028 7.27732 28.3763 22.6414 2155.47 
10.1697 9.60913 23.7839 22.4366 922.899 
13.5707 14.3203 14.5752 14.6053 872.812 
11.1675 7.19055 21.4225 24.9521 2498.81 
7.74536 14.4881 27.9539 21.6417 1760.01 
13.3288 12.8714 21.2683 14.6893 687.946 
13.4255 11.1404 15.9329 18.1216 2231.04 
6.10518 9.89214 21.0113 23.0391 1510.04 
8.05048 6.61547 15.5967 13.9088 1693.2 
11.4545 8.77155 25.5871 24.5772 1499.26 
5.29006 10.9311 17.3688 16.2521 2446.96 
14.7047 10.1714 14.7178 19.8553 1980.56 
12.451 11.066 26.4683 16.3647 2138.97 
8.91896 12.8015 17.5081 23.6348 1030.15 
6.84065 7.74367 16.1165 22.0449 1525.56 
12.8343 14.4489 10.8111 13.4198 1558.29 
6.83039 9.40702 22.5097 15.2402 1000.8 
6.52578 9.67194 23.8018 14.8872 591.143 
7.10641 8.62072 24.1258 16.346 2414 


Individual: 60
12.3653 9.49412 29.0092 14.1672 2109.33 
9.63914 10.47 19.9575 14.9768 802.982 
5.21131 8.74429 24.5166 20.1833 674.874 
9.77099 6.05954 13.4315 13.3335 720.904 
12.1311 11.4608 21.2711 19.2588 1954.05 
10.6704 11.4903 18.6294 13.7743 802.557 
7.77479 12.6962 19.2739 18.6646 767.777 
8.12281 11.5997 25.0731 17.7032 1609.85 
6.13434 14.1981 21.2924 13.7122 601.533 
12.8788 12.8771 14.7605 18.9968 1477.38 
5.80884 6.52377 10.6885 23.5457 1541.86 
14.719 12.6149 10.3147 23.3096 1275.94 
14.9987 10.839 10.9124 14.3141 612.609 
11.6231 12.386 19.1287 20.3163 961.94 
9.67206 6.32005 24.309 16.0584 1032.05 
13.6999 14.7398 18.3809 24.2782 1652.79 
9.21848 10.9697 27.5557 21.5185 1385.05 
6.89906 7.32439 18.9861 15.8378 781.071 
9.84082 14.0982 23.914 13.5374 920.843 
14.6991 8.32547 26.5394 15.7002 793.197 
5.2287 12.4662 19.8664 14.6939 2103.61 
9.53027 6.20674 15.059 21.5639 1205.46 
8.22486 7.3641 11.1293 18.5776 676.436 
8.54482 10.4099 18.6621 19.2639 1270.2 


Individual: 61
9.09422 8.35076 23.7394 18.4709 1950 
12.1384 8.22585 21.9931 20.6949 1715.9 
6.33446 7.96325 15.9836 15.4881 1742.3 
6.3799 8.06598 19.5195 14.9684 1924.26 
12.8137 10.3773 26.7723 17.1906 2054.58 
12.3675 6.63012 14.2221 18.3542 2043.97 
7.022 8.6671 27.3934 21.3628 596.571 
9.72987 7.46981 17.3721 24.4862 697.545 
7.06201 12.9772 17.5706 18.2603 2200.86 
11.8816 9.67777 29.8695 20.3122 1650.25 
10.3692 8.73184 13.1854 13.4604 2118.44 
12.4547 14.694 26.7437 16.2614 2257.61 
5.3131 14.8657 11.6804 14.8804 2008.7 
5.79066 11.7342 22.0981 19.4844 1947.11 
6.45783 10.5193 11.8752 15.1969 600.596 
11.6265 11.4317 13.6637 19.0417 1066.08 
14.6822 10.3104 26.1312 15.3776 1183.09 
10.2455 11.5683 22.9699 13.1443 1299.11 
10.8145 12.4478 15.9039 16.5154 1760.83 
9.25375 9.77079 20.2053 16.8995 1240.24 
8.40974 11.5657 15.3838 13.0329 589.727 
5.96045 6.47368 15.2918 14.4813 854.121 
7.23329 10.5968 19.7685 23.8551 1134.02 
5.45154 12.9424 12.3567 18.8099 928.811 


Individual: 62
8.55497 6.94386 11.8848 24.8983 2300 
8.70942 6.78126 26.6029 14.2988 1407.33 
14.4338 11.2363 28.7439 20.801 1463.76 
11.3066 12.3779 10.816 15.0582 1630.03 
13.4598 8.42466 28.8569 21.6521 693.638 
11.0915 13.3033 17.1305 21.0592 1976.81 
13.9786 10.0483 23.2124 18.8974 1416.41 
13.0752 9.28601 19.6187 15.2606 1925.71 
10.644 14.8276 13.6771 24.0052 704.088 
10.8734 12.9857 20.5481 13.1907 692.467 
6.11707 10.6404 20.8815 16.805 897.618 
8.65353 8.17742 25.2106 18.3747 2137.19 
6.57933 14.6147 25.7767 21.8837 1812.47 
6.63124 13.4605 20.8827 22.6045 1902.02 
11.5481 8.1797 21.8691 20.2996 645.871 
11.127 13.5504 24.7571 15.741 1625.63 
8.96846 11.1825 24.6188 21.6138 1955.56 
6.81935 6.59308 15.5841 17.6099 1788.13 
14.0761 9.60221 21.163 20.5402 617.59 
6.04084 13.8511 16.3579 23.6606 974.059 
9.85574 13.0971 19.7343 22.6968 1588.52 
7.16006 6.32367 26.3483 19.8848 2145.13 
7.26625 12.9801 24.2604 14.152 734.371 
5.4947 9.93134 12.2499 22.0539 1286.56 


Individual: 63
5.17965 8.14355 26.9565 20.6458 2185.76 
6.58853 12.5418 28.9939 19.4858 2229.64 
6.124 14.9556 14.2182 21.9583 635.871 
13.0917 7.74107 18.1081 15.2511 1915.22 
5.21735 10.0075 17.0616 22.5601 2169.29 
9.0357 6.42575 23.7019 19.8378 2219.48 
13.4952 6.90706 10.3484 22.2083 738.64 
11.4407 10.5715 10.1727 13.9903 1173.59 
5.08846 14.3536 21.4573 24.8297 765.879 
11.284 13.3779 25.8832 17.846 987.282 
8.67948 8.34487 29.3823 13.7409 1594.23 
11.4084 10.9293 19.3021 14.1061 2023.53 
5.88195 8.31004 19.2784 16.412 1259.65 
7.77576 7.46077 22.0402 13.7311 1954.95 
5.31678 9.83614 16.7876 24.2474 1111.45 
7.45332 14.1955 15.9151 17.7773 637.822 
14.908 12.9563 22.0508 22.2106 1991.92 
7.83759 11.9662 24.4118 23.1199 1123.33 
11.6461 12.6188 21.6665 17.4954 1563.13 
10.4336 6.24451 19.4791 17.6022 557.911 
5.08034 13.7868 16.1983 17.5934 1214.08 
8.93343 9.71309 27.5889 23.7615 2286.4 
13.2819 10.275 29.2137 18.6052 1954.92 
9.32747 14.3959 23.1701 17.9369 621.124 


Individual: 64
13.0609 9.02317 24.0406 16.4396 2087.84 
8.57659 12.6243 27.2387 14.7549 1922.64 
10.2965 10.7821 12.4698 16.7946 1174.45 
6.05314 7.41467 29.4193 18.4257 1798.14 
7.28336 13.3603 19.5179 15.4946 1789.06 
5.94961 10.7677 29.2197 13.0732 1069.42 
9.99305 8.50878 17.324 13.927 2155.32 
6.79372 6.88921 26.2974 14.2794 701.899 
5.92315 7.03574 16.3619 20.7502 2248.26 
11.7622 7.44514 10.5733 16.8845 1807.44 
6.87826 6.02732 24.8913 13 1691.62 
5.44713 14.8347 15.7071 13.9982 1491.51 
7.51903 12.0909 24.1567 15.9146 1818.41 
11.1336 9.35112 23.187 18.8994 537.932 
10.7124 7.6039 23.1395 22.5204 2178.23 
6.42513 12.1345 10.6132 17.4735 2201.33 
13.4321 7.96894 14.4533 18.0149 2434.52 
12.2911 9.31636 24.9174 23.1586 1071.76 
5.23052 6.83232 25.2596 24.9299 944.81 
9.54305 6.393 20.1583 13.2163 2238.82 
11.5488 11.2144 19.4448 18.1911 1326.86 
8.62339 6.70842 11.9732 21.0785 2172.93 
7.83862 9.10572 27.2844 14.7643 1653.74 
13.1508 7.32637 11.254 23.1824 1834.44 


Individual: 65
10.2139 7.89904 25.577 21.4094 2233.29 
13.2164 12.8009 26.2902 22.0519 1853.39 
14.3743 13.6836 26.3585 22.3592 1933.73 
12.4162 6.85014 10.7678 17.7205 1153.51 
6.11009 11.491 22.1572 23.6075 1235.57 
7.51965 6.43092 15.1874 24.5463 852.77 
9.83866 8.6209 13.3314 20.0233 909.237 
14.6546 11.6768 11.3179 20.9027 1454.7 
8.01542 8.75197 10.8405 23.9008 537.485 
5.31638 14.9664 15.8285 15.178 1094.07 
8.28667 6.62361 19.2935 18.6906 746.044 
10.1265 7.20715 10.1609 18.9168 1425.07 
12.1862 7.26447 25.6733 14.6995 726.751 
8.02977 7.70219 21.5839 16.499 1792.59 
14.1752 7.89586 11.0066 15.4393 1128.47 
5.04702 10.371 21.1955 22.6431 1093.61 
10.5873 6.1097 10.1689 13.9399 623.334 
5.1809 6.61327 22.9726 14.0707 1024.07 
7.45787 7.12695 13.8246 16.1273 1736.54 
6.40351 6.01157 22.8674 15.939 941.516 
11.3904 6.0236 20.2648 15.5418 1222.43 
8.37911 9.4789 26.7902 17.8114 2495.03 
10.8725 14.0463 17.6054 21.9669 973.266 
8.02425 14.59 11.9073 21.9607 1057.58 


Individual: 66
9.5757 9.61205 22.1682 17.3626 1823.39 
9.87005 11.6729 10.6107 14.1548 1106.25 
12.6175 13.1431 19.1051 18.6087 1378.78 
14.2023 12.3228 19.5554 15.6171 750.457 
7.11419 9.19986 19.8597 14.996 2355.88 
10.1679 7.66619 11.6359 23.5785 1746.28 
12.18 6.38763 28.7515 18.7874 1050.24 
12.3953 11.3529 21.1994 13.5239 1045.71 
13.1284 13.2417 24.2094 18.4742 1634.93 
7.76602 12.2841 16.7964 20.6146 1717.7 
10.9672 12.6238 23.8795 13.3711 789.294 
9.46226 13.3778 17.8369 16.2309 631.972 
9.88932 14.5792 16.5326 21.2627 2209.17 
13.3738 9.17996 22.6367 22.7203 1819.64 
5.36623 6.46789 19.6391 22.528 1286.89 
5.4262 8.318 21.4964 16.3181 2464.71 
5.11046 7.19087 24.8657 20.5767 1305.01 
8.73489 8.98803 16.8344 22.2248 1579.75 
7.58241 6.50647 26.0532 13.2773 860.163 
13.0515 8.94767 10.2482 19.7595 2371.69 
5.27808 7.81341 19.9256 13.711 1011.72 
8.57924 8.50949 11.0712 19.5988 897.144 
9.88907 14.6827 17.3327 21.4207 748.417 
8.16921 13.7788 29.3037 24.2483 711.508 


Individual: 67
7.215 9.35225 17.4037 23.464 1652.87 
9.90903 12.3392 22.4513 20.4411 557.496 
8.36633 9.00102 27.2392 17.0106 2173.85 
12.6352 7.18469 29.98 22.398 1701.57 
7.27939 8.48389 18.7378 21.4094 1778.3 
5.34366 9.60988 21.728 22.4538 2006.1 
7.96912 14.55 27.5258 18.4487 1401.54 
8.42653 13.2663 25.4263 13.8982 777.184 
14.1124 13.2386 19.8546 13.2569 522.569 
14.9306 11.7489 29.7443 18.212 550.174 
10.8283 13.4611 16.366 16.2423 2017.5 
5.61485 6.75676 14.4332 19.008 1411.41 
7.38296 6.75521 12.0606 18.4991 868.177 
7.69637 6.32809 17.1482 23.5254 2051.14 
6.43887 12.5948 29.6576 13.7472 566.782 
14.2491 12.4849 21.7356 19.8415 1487.98 
10.3346 11.1004 26.7666 19.4702 921.027 
7.22222 7.90898 18.013 22.9676 1342.14 
10.807 12.5624 11.4804 17.3215 1470.86 
8.33936 10.2204 25.6753 13.3762 2321.46 
6.36764 12.5636 17.9641 22.5567 1168.21 
11.8915 10.6172 14.6218 18.3799 1304.72 
5.25218 7.78799 24.7183 16.1885 1695.46 
7.09149 11.0064 10.8637 22.3923 631.034 


Individual: 68
6.22492 6.91087 12.8094 14.2845 1004.87 
8.11587 13.7936 17.8991 15.9367 1584.58 
8.44652 7.39199 23.1397 15.2932 1045.45 
13.2639 11.0469 21.1457 19.6218 1035.15 
8.96482 6.27602 12.1813 18.5378 2023.48 
5.49262 13.1218 13.6105 22.8619 2377.01 
6.1996 14.0693 24.6752 18.5636 1028.62 
5.65959 10.2703 23.412 14.4467 818.536 
8.94965 10.9195 20.7813 13.2242 1792.48 
5.63509 10.1311 16.7413 16.8975 2065.59 
10.0753 8.91409 19.0686 14.647 1218.24 
7.12973 12.5152 18.6724 17.6994 848.304 
5.01915 9.52151 20.0333 15.7963 2364.55 
13.2794 9.53404 17.7016 22.762 760.308 
7.68879 14.9786 27.0758 23.8393 967.861 
14.214 7.23111 17.6962 15.9147 2135.73 
5.25439 14.0865 27.3577 13.9078 2138.86 
14.1406 7.02713 15.1019 18.8378 2456 
9.31004 11.2386 16.0149 15.2316 2209.16 
9.23729 6.49887 21.835 15.3447 2194.44 
5.77259 7.99713 26.7568 24.3043 1133.57 
6.36954 9.84491 23.0101 19.4267 940.741 
13.0838 10.2103 25.1601 20.2778 1331.02 
11.6919 10.6461 24.0406 16.8239 560.483 


Individual: 69
9.94765 6.25873 20.3504 17.8343 1095.32 
12.0293 11.3917 20.5453 23.6574 2341.11 
10.4006 14.7698 28.3402 15.2399 857.536 
5.46341 11.8805 11.5451 21.1298 567.159 
5.89801 12.6801 17.0404 24.3751 587.056 
6.34766 7.51297 22.3113 18.0118 1089.7 
14.8514 6.11152 16.2104 13.6024 972.829 
5.59685 6.7299 11.8824 17.7133 1494.45 
8.62859 13.8475 10.866 23.007 2491.82 
8.56295 8.29561 18.6249 20.339 1232.94 
7.94743 8.39484 17.5629 23.471 517.297 
9.3566 14.5607 10.9058 19.5537 2035 
7.96437 14.6164 17.5952 16.6439 1019.21 
13.306 8.2188 19.7742 17.9592 2169.32 
12.1795 10.555 19.5207 24.2294 1477.99 
11.1057 11.2698 28.0305 15.4927 1427.86 
13.8895 8.90166 21.7456 22.3392 1617.26 
8.04375 14.0691 17.7807 17.2429 2084.5 
13.4763 13.1073 11.9467 15.9547 1893.3 
6.94094 9.37609 22.1097 16.2445 1273.52 
6.29457 10.4985 18.8241 15.1948 1289.99 
14.4444 8.45878 15.6444 16.5151 1293.59 
8.04616 10.1387 27.8769 19.7758 939.614 
6.85815 8.92138 11.4046 17.2005 1650.53 


Individual: 70
6.8249 14.7359 23.3898 23.7462 2453.13 
12.6039 13.3371 28.8947 21.2674 762.108 
11.4664 13.0225 25.6788 19.1877 2366.32 
13.2448 14.619 21.3551 17.4861 592.102 
9.15873 11.155 13.8647 19.7177 1348.57 
12.0842 8.37039 10.4168 18.7562 2351.73 
11.2847 9.16121 24.3138 14.7613 2074.02 
13.1033 12.8921 20.6197 16.1172 1378.16 
6.01449 6.66566 12.9248 14.202 839.675 
10.5041 12.1798 25.7869 20.7199 893.032 
10.2131 8.86992 10.236 20.5873 2031.23 
6.31809 14.9933 11.6123 19.3415 2364.5 
10.2249 11.2575 14.2906 20.1127 613.524 
5.23501 12.229 26.0817 15.7683 950.35 
6.35 10.879 14.661 20.4935 562.176 
12.0028 9.86087 14.5474 15.225 735.855 
7.10993 8.9322 12.4805 21.2108 677.76 
11.1254 7.7869 13.1 20.4199 2154.51 
7.43902 6.17804 11.2045 13.5752 984.52 
6.30149 6.49129 14.1612 13.6535 1344.96 
5.13463 6.49675 18.1153 23.8186 2260.89 
6.47118 6.89451 12.3017 23.8426 1851.89 
13.6307 7.04933 26.8234 21.8501 916.508 
6.14043 9.62611 29.3718 19.0879 2017.46 


Individual: 71
11.0264 10.0352 14.5422 15.7441 1191.19 
10.0483 7.86213 12.5456 14.4878 796.996 
12.7411 10.368 28.2252 19.9469 1461.55 
12.0244 6.23059 16.244 14.4681 947.691 
6.71684 6.70445 14.6213 21.0354 1621.7 
9.83175 14.9343 16.3404 14.9935 573.158 
10.2167 10.0659 28.4211 16.3309 1015.01 
8.48065 8.86832 10.61 13.8566 1545.9 
13.9513 12.125 16.9898 20.0153 718.736 
7.39719 8.26116 25.1855 14.0413 1698.08 
9.45004 10.4243 13.3738 17.4771 509.453 
7.038 9.24936 17.0754 23.6888 1495.2 
13.0159 8.77386 23.3163 13.7476 969.376 
9.47285 7.32719 10.4652 18.7418 1663.57 
6.75774 14.0835 26.6403 24.2301 511.591 
13.0172 11.4897 10.9581 19.5833 1792.02 
7.90302 9.602 18.7005 13.2801 2055.71 
13.8537 14.8812 17.3571 17.5965 2282.49 
10.9048 7.00603 17.9224 14.5279 2474.48 
7.10437 6.18012 13.6781 21.3313 809.63 
5.96403 10.1855 22.809 19.7435 1956.21 
6.38209 9.49483 19.5589 14.1549 1330.41 
14.5295 10.6249 25.9014 21.2556 1386.86 
7.75114 8.47065 11.3085 21.6142 2437.67 


Individual: 72
14.5209 12.3264 18.7008 18.0415 747.413 
7.25982 14.7149 29.3943 14.6433 1334.79 
11.0848 14.7225 10.3407 18.0171 1177.84 
11.0571 9.6348 28.5589 18.9307 580.863 
5.09934 13.0708 15.0572 13.5526 1381.55 
10.8865 12.7066 28.1988 16.2309 1533.82 
6.33134 11.2834 17.473 13.9836 1597.04 
5.46207 7.53355 18.7898 14.6049 1484.65 
10.0173 14.302 12.9184 20.7466 1590.66 
12.4635 7.19391 18.3134 21.0625 1954.1 
6.71857 11.1916 25.7478 13.5641 695.631 
5.12727 11.0111 16.9893 18.3562 1026.41 
12.1323 12.8727 28.651 16.8426 954.595 
12.6189 14.8868 20.2204 18.909 2416.75 
12.3475 14.7713 22.6518 16.1319 1103.84 
13.1537 7.76753 16.9307 15.892 1387.46 
11.652 7.40925 14.8857 20.1266 621.865 
7.63537 7.55647 18.9852 14.9704 1306.27 
11.0102 6.5134 28.7112 14.7945 749.295 
10.9184 13.1116 11.5721 21.8869 1730.36 
12.3889 14.8787 15.3528 16.8089 1118.59 
5.03272 9.11033 13.4493 23.5919 1263.05 
9.39563 9.69574 13.9021 18.753 793.625 
13.7267 9.76755 11.2545 19.5019 1854.45 


Individual: 73
11.2612 9.69494 29.2766 15.6103 1035.98 
12.2406 13.1471 20.5326 13.905 1211.26 
6.63921 9.10789 19.5333 21.6534 1346.07 
11.4377 10.2534 15.8681 16.2252 1969.68 
13.8872 11.1934 23.6303 17.4523 1007.01 
13.5818 7.22071 10.3699 15.7198 582.707 
7.95997 11.2778 14.967 19.7127 523.739 
14.4686 9.84704 28.7549 13.3711 646.767 
7.99513 8.61592 17.9104 14.216 608.65 
14.1048 14.7072 16.1538 13.1178 2334.99 
11.5699 11.4445 14.0293 20.9379 766.845 
5.03774 7.07355 11.8195 18.4028 1520.67 
5.67344 13.764 16.2193 16.2672 1399.72 
13.5256 10.1355 19.937 21.8889 2416.2 
13.4357 6.5 13.2897 15.6949 1702.39 
11.7947 8.81625 18.7125 13.6791 858.314 
6.88044 7.94118 19.534 22.7521 862.685 
5.18082 7.13305 17.4948 23.3874 1415.78 
10.2965 12.9604 13.8341 18.8728 1023.35 
8.64593 14.7944 23.8232 21.7382 1442.37 
13.2436 13.6123 13.9902 19.2582 1817.12 
13.547 10.6757 17.3272 20.2375 2223.4 
12.4267 12.2411 19.6222 18.4899 1415.29 
12.8279 9.69688 28.3558 21.323 968.254 


Individual: 74
6.69215 14.5237 29.0669 18.8225 2473.83 
10.593 13.7407 29.145 13.784 1897.87 
6.34999 8.47408 10.1128 23.8501 1728.75 
5.42683 8.76167 18.8204 14.9571 938.598 
6.44191 7.86525 20.8324 18.3474 1265.85 
14.1757 8.58546 11.9986 19.7755 1076.02 
7.63043 13.981 25.9424 22.6186 2234.99 
8.43097 13.1674 14.8975 15.6604 2197.36 
6.81618 10.2585 21.9038 20.5835 827.805 
14.5461 8.90349 26.297 13.575 987.389 
6.3543 12.4276 25.6414 13.7056 1911.85 
8.391 11.2853 13.3904 19.6235 1083.66 
5.39108 11.5773 11.8684 22.0375 1594.78 
13.9434 7.35112 12.7716 22.6584 909.544 
6.57419 10.7725 12.3934 17.7328 2469.87 
5.28194 6.84583 19.0245 14.4694 939.158 
12.5029 12.9058 15.9228 24.013 2412.14 
6.29217 11.7624 20.0689 24.1249 728.281 
12.6507 7.98622 24.0187 21.1174 1019.76 
5.36162 7.49497 18.9209 24.3813 1407.09 
13.6925 6.39093 25.2911 19.1531 526.568 
6.40602 6.80012 28.5418 17.866 1682.73 
8.45391 9.52077 20.7804 14.6401 824.786 
6.05294 10.1327 10.5246 19.9149 786.837 


Individual: 75
6.15238 14.6106 24.5098 19.9116 1184.41 
7.6297 7.68758 17.9468 20.6041 2368.26 
8.86072 12.5564 21.3208 22.7447 1318.6 
8.61855 11.8183 10.078 15.3619 541.957 
6.34617 11.2876 21.4455 14.7504 551.817 
8.02903 14.9174 11.7778 13.2939 639.575 
11.3994 6.71395 26.2013 20.7625 893.466 
10.3273 10.3314 18.6319 13.4234 1208.28 
11.0374 11.3209 14.7573 14.7614 1795.21 
13.0587 11.6616 22.7598 15.0077 1094.35 
5.6568 12.1801 18.3376 15.8109 1379.53 
5.2361 9.54484 26.0168 16.9773 2063.22 
7.31416 7.45135 17.0467 24.8818 1845.05 
10.8047 10.1267 22.3416 21.7855 535.933 
5.62457 14.9376 14.8353 23.6897 757.537 
7.45614 8.97915 18.9015 17.09 1478.11 
11.2454 11.9137 13.5258 21.1779 1316.43 
12.5262 12.1085 14.8818 14.5756 938.456 
13.669 9.04489 29.5009 18.4818 1468.25 
9.53488 10.6694 18.2978 21.9171 501.884 
12.9758 7.27961 29.4192 22.8394 1082.39 
6.19474 13.521 21.4474 22.3731 874.957 
8.19303 8.18119 13.118 19.9492 1788.65 
14.3183 9.08994 22.6053 13.0406 709.28 


Individual: 76
11.5415 8.01091 27.8139 15.75 1582.36 
6.99068 12.374 11.9859 24.9476 2020.09 
13.0052 8.05648 17.9801 17.6335 1639.76 
5.56398 10.5198 19.8929 13.5504 1473.79 
8.382 10.846 22.1876 24.3504 1510.57 
14.5877 8.65263 21.9287 15.7183 1155.05 
8.4346 12.5593 27.8983 14.7521 709.573 
6.00172 8.36235 11.5771 13.3902 2243.4 
11.6518 10.3504 16.8966 22.1094 2176.78 
13.5971 6 12.7591 17.07 1332.65 
13.8437 11.4783 25.7598 16.9562 1697.82 
12.4732 14.363 10.8975 17.229 970.176 
7.03013 12.2624 21.4546 13.9263 1372.77 
7.98654 11.3826 14.2083 15.5238 579.34 
6.49969 9.7814 18.3366 17.5707 1091.71 
13.5266 13.813 14.4095 18.5403 1111 
14.1999 13.341 29.9072 14.7805 2210.96 
5.84951 6.49933 23.1206 24.6266 1601.45 
14.4021 14.7155 28.0125 24.1501 1206.49 
6.59887 12.6628 15.1265 22.3119 1204.41 
8.37087 9.69993 27.9868 18.0775 1039.05 
6.85003 8.4648 20.7241 15.6673 606.496 
12.2564 8.66269 26.2078 19.4053 1132.6 
6.64657 6.25959 24.7265 20.4333 2335.06 


Individual: 77
6.98301 14.3137 14.4313 21.4351 1778.08 
9.55856 10.4274 22.932 22.3094 1787.73 
11.9075 6.05363 19.0099 13.5466 1457.81 
9.20586 13.3532 13.9375 23.2357 888.728 
7.5 6.45088 29.6354 22.5455 1403.05 
13.8603 7.25077 23.134 22.4685 776.828 
12.6537 10.6232 11.1265 13.6509 1004.68 
8.02606 12.5007 28.1176 19.2327 2111.08 
11.9054 6.18462 13.3765 14.7653 1334.25 
12.2531 14.2178 21.5845 15.4221 702.029 
10.5567 9.16172 17.5983 23.6169 1797.83 
9.09605 6.76084 25.88 21.2376 784.81 
11.8417 10.1124 19.3929 16.9267 1187.74 
8.02485 13.4987 17.9767 22.5471 2330.93 
11.2991 9.31555 11.0093 13.2721 1644.28 
13.5052 11.9967 11.9332 13.5281 2229.76 
11.9492 9.62378 12.7842 24.2969 1987.54 
14.8178 13.0217 20.5711 18.7008 1637.54 
13.6917 9.90915 26.8044 16.9799 1912.25 
8.1136 8.96057 26.4935 19.0287 1657.86 
14.0906 9.53359 12.265 20.2176 623.42 
12.7675 6.96047 25.2649 13.5681 535.529 
14.2558 13.9845 14.3359 18.9055 1648.34 
11.64 8.0986 15.1521 13.7388 1617.58 


Individual: 78
13.6898 8.82876 16.7138 15.4963 1044.17 
9.52478 14.3865 12.3228 21.9049 2433 
9.41562 12.8994 12.4286 24.5974 966.546 
10.7954 7.6204 23.0764 19.4976 1689.34 
9.4553 6.59845 16.9719 13.5393 825.203 
12.8682 7.00862 13.1499 14.4166 2462.04 
8.80116 10.1664 27.0329 19.2621 1909.23 
8.69917 9.23727 16.7714 22.6976 1846.23 
7.42023 6.14895 28.2681 19.4061 1333.13 
6.80921 7.15383 27.7892 17.6096 1749.16 
6.25277 7.07314 10.9233 13.0461 1446.47 
14.4119 8.96512 22.2479 13.0039 818.277 
14.9066 6.8204 13.0392 23.7404 2370.69 
11.8791 8.59303 22.7621 19.0047 947.019 
11.7252 12.0028 13.1477 15.044 699.72 
5.2193 9.37514 26.7884 13.0057 1424.48 
8.85629 11.9371 10.2272 16.2154 2458.21 
12.858 8.46451 16.8363 16.7975 2111.55 
8.14999 10.4733 19.236 16.2019 1073.13 
8.61337 14.082 18.7005 17.5072 1991.25 
13.5798 9.85762 24.4228 24.5386 1490.12 
11.1428 9.83621 29.3144 23.9607 1768.79 
9.12438 7.21059 13.78 24.4917 1007.71 
14.4334 9.84948 13.9591 18.7587 1044.16 


Individual: 79
14.7253 14.33 23.354 16.6633 612.205 
7.65254 7.50146 11.3427 23.1431 2278.75 
9.77164 6.50149 12.8269 15.6371 900.049 
6.21452 6.88356 13.3755 19.3556 1818.76 
9.94546 8.14183 24.69 22.282 1521.91 
9.49522 6.83362 12.3511 24.4009 1738.42 
6.32773 8.50656 11.0417 13.2013 2305.31 
5.28757 7.87603 22.2871 21.8687 848.429 
9.06852 12.39 22.4383 21.2568 684.577 
14.5314 6.33735 17.5297 15.293 1316.42 
5.66718 6.76774 25.3614 14.245 1739.23 
14.4502 12.8638 15.3944 16.3652 2134.62 
5.64541 8.88193 15.0778 13.301 947.248 
8.62167 8.93331 14.9239 19.6063 2170.22 
9.23518 10.6055 28.8669 22.0591 1063.42 
5.00437 10.2226 16.5716 13.1475 1111.43 
7.03642 14.8797 26.0034 13.3559 1154.28 
13.0584 7.58299 18.6134 19.9709 1648.21 
5.37804 12.4226 13.2118 13.7325 2475.45 
13.7558 8.5977 11.6879 16.6732 2405.25 
6.9205 6.73637 20.056 22.9179 505.735 
10.7341 8.31055 28.1395 21.6628 956.389 
8.04742 10.6563 27.6111 17.4695 2429.89 
7.7289 9.61276 17.1318 15.6501 2311.33 


Individual: 80
7.58031 9.43599 11.8295 21.6055 1202.77 
14.0494 13.4547 29.706 21.1643 2074.72 
8.53161 11.2784 27.0681 13.5501 1827.2 
5.14842 6.27256 20.8785 14.8071 612.97 
7.37854 8.4146 14.1866 24.5024 623.315 
5.71778 8.04755 12.2443 18.5978 516.779 
11.3097 10.9755 28.9211 15.8671 1375.22 
10.9176 6.95917 25.7592 17.0824 2476.3 
13.9036 7.44616 15.1637 22.3878 863.057 
14.607 11.9873 29.5338 21.765 2024.28 
13.9162 12.6974 24.6582 19.7609 2479.49 
10.5014 8.80743 26.7405 16.7099 1872.89 
12.6753 10.2002 17.3787 15.3295 1708.95 
10.7238 13.8843 12.8401 24.0237 2386.98 
12.9699 6.55486 24.9059 17.7286 1525.39 
9.90618 10.2099 26.2406 15.2971 545.009 
6.09879 10.1282 19.0846 20.7389 553.802 
7.87272 13.8332 16.0412 19.6739 1642.07 
6.71982 9.41509 17.6645 15.2111 647.558 
11.4002 12.5055 16.931 22.056 1557.75 
8.22372 11.0693 18.1197 14.6547 1294.34 
9.47796 8.02573 11.2597 23.4932 1950.58 
10.169 8.09095 15.4646 15.7407 1627.55 
13.0473 7.86548 24.0305 23.2133 1960.23 


Individual: 81
5.86651 13.1164 23.6987 13.8974 1080.81 
7.5 11.3793 18.3873 23.6275 512.539 
6.24352 10.2353 19.1459 21.1052 822.605 
5.83993 6.06663 14.9761 22.5522 1573.82 
6.54555 11.0241 22.0383 21.8792 504.697 
5.90349 8.76097 10.6135 20.2954 715.397 
14.1649 14.5663 17.1559 24.4388 643.38 
11.6266 12.4762 11.4623 16.473 2475.02 
12.3726 11.4981 14.8676 13.8964 1979.24 
6.5866 10.797 10.5563 13.7261 564.536 
13.0462 14.3283 14.7105 19.5015 2217.56 
6.07221 7.07089 11.3774 14.1513 1214.15 
14.5053 7.68966 21.2183 21.19 2042.92 
11.1504 13.1732 27.7741 16.9424 1464 
8.89074 7.92158 29.597 16.6558 976.652 
6.52981 9.7638 20.4554 24.2961 2348.75 
12.2898 8.3018 12.8355 24.0581 875.966 
7.56096 12.714 24.515 16.8429 1194.18 
7.5371 6.49796 20.0864 13.8266 1210.89 
10.3497 11.3293 18.874 15.2841 803.207 
12.3816 6.93041 15.0437 14.9529 1942.81 
9.2262 7.22711 16.1294 16.7885 917.627 
10.4847 6.18136 18.5155 16.0092 1446.26 
9.18002 7.61689 18.115 19.2104 2121.74 


Individual: 82
5.22212 9.99553 14.2139 22.1867 1678.31 
12.6919 12.2871 29.0626 21.2377 1933.94 
7.47453 13.7026 16.2835 18.3545 1075.78 
6.99989 6.39513 13.6186 21.4881 2158.96 
14.589 7.13958 19.1488 21.2289 1689 
12.583 10.0076 27.2607 18.9865 2126.82 
13.5454 11.7955 10.1469 15.5202 2328 
5.73703 11.6204 15.5949 13.1672 506.972 
7.08535 11.4905 14.2098 19.7162 1870.42 
6.45013 13.179 12.5615 16.6089 1195.51 
7.59468 6.94538 23.4665 18.6409 2328.33 
7.295 6.79134 27.5288 22.3366 1561 
5.5171 9.59415 19.3769 13.8811 1192.15 
5.98536 11.7435 10.9104 13.6715 954.042 
10.1119 11.5833 13.2205 13.4643 1460.14 
8.6168 6.62227 18.8618 16.8034 2422.77 
5.91548 13.0314 21.7083 19.3677 1892.8 
6.38136 8.53618 13.7475 14.2179 1268.71 
5.36288 7.34539 28.8013 18.083 2033.02 
6.2138 6.42254 28.6294 20.0185 1731.65 
7.97813 6.56501 20.5075 15.8077 1322.49 
8.39685 8.0698 19.5726 18.4674 1567.13 
8.77469 9.80893 14.5986 16.2653 1944.31 
5.58142 9.34508 16.9466 20.3055 1812.78 


Individual: 83
11.9524 10.3684 20.4951 15.157 1225.43 
6.78007 12.5123 15.428 13.9087 1307.62 
6.47079 13.5042 15.7083 22.4299 1586.96 
10.6836 6.92857 18.0627 20.0276 2310.6 
8.20521 8.56181 14.0901 14.8884 1768.07 
6.39383 8.71198 24.2557 23.6423 941.416 
6.75989 6.12528 25.6093 15.9973 2222.67 
6.69562 8.08842 13.8235 20.5138 983.015 
14.8223 6.23202 10.8582 22.1724 1182.64 
12.1054 11.4846 13.181 16.4182 964.833 
5.88241 6.16434 29.9902 14.5873 2487.12 
10.8953 7.24626 24.3145 14.6003 604.596 
7.30616 9.18332 27.2047 19.3361 1021.69 
8.01731 12.6276 11.0697 22.7114 1263.49 
9.24379 7.37044 18.0485 22.2696 960.353 
13.0043 8.77153 10.015 21.6496 730.528 
5.37923 8.55014 13.8367 15.9944 2361.48 
6.86571 6.09912 19.0463 19.1936 1354.96 
9.53221 12.6992 16.9574 24.6752 1421.73 
7.06889 8.08356 20.7677 13.8526 1577.14 
12.1857 12.1198 21.8514 15.9589 860.132 
13.9158 7.78001 20.141 13.4777 662.513 
6.25918 10.5389 14.6429 19.0938 559.277 
7.21462 14.4352 24.0331 24.6827 1886.14 


Individual: 84
13.2307 9.65902 27.9598 18.8796 2181.04 
14.113 6.021 26.2523 16.8949 2090.77 
11.4638 8.21138 27.2212 15.4197 2455.75 
5.47279 10.2576 15.7782 20.3172 2065.91 
9.02068 7.80485 24 24.9144 1088.43 
10.007 8.52298 15.7726 21.9332 855.695 
5.88922 11.4753 14.6806 19.8374 1918.41 
5.09024 8.02937 13.7361 20.7527 1776.87 
12.4564 6.75903 16.1984 20.3921 695.788 
6.16894 6.30968 22.4065 18.507 1302.72 
14.5585 6.48905 25.5953 20.7843 1043.49 
9.88623 6.03045 11.1571 23.0959 1179.35 
8.77253 6.5833 10.1013 21.257 866.631 
9.66322 6.79614 16.2625 17.1611 2192.28 
10.9282 10.0151 16.1547 13.5337 1507.33 
13.3081 8.90476 11.2201 19.2384 1658.77 
8.07692 6.2462 13.9067 14.3505 2068.7 
13.275 6.89682 24.1425 14.1265 694.84 
11.653 10.6328 18.1853 13.8529 2370.29 
5.76061 7.09298 12.8838 23.9803 1033.85 
8.16227 7.60428 16.947 23.4229 1472.33 
5.55575 12.5217 14.9476 17.7422 2225.92 
10.5506 10.5191 10.0147 22.7307 1293.25 
8.06669 12.305 20.8628 21.9753 1216.51 


Individual: 85
11.0198 9.13542 29.5618 16.2929 2040.36 
5.63719 14.2454 25.5552 15.0337 1670.9 
13.9702 9.24894 28.7192 17.2002 787.256 
7.19135 10.4321 10.0558 17.244 1495.78 
7.19254 11.0155 17.7621 18.7134 1386.71 
9.35905 10.5146 11.675 17.1959 597.966 
6.8246 14.3187 16.2202 20.2717 1244.01 
10.9066 8.3844 22.8236 23.2441 1502.44 
9.57572 8.53835 17.958 19.0283 665.886 
14.7574 11.7924 18.7738 23.9185 2081.36 
8.0143 7.71182 20.0741 21.9773 1293.95 
9.217 8.55682 10.9135 16.0253 1259.57 
14.1746 10.9626 23.6555 14.4164 1877.31 
13.5447 13.838 24.3937 23.7488 732.031 
13.2041 7.89185 15.0435 23.7798 1096.89 
10.9584 7.29405 12.116 18.3 1321.46 
7.00593 7.16775 27.5601 21.2639 1983.59 
6.81884 11.6102 25.7044 21.1539 751.659 
9.09903 8.38554 21.7484 16.7409 1914.51 
7.20583 13.1734 26.1851 16.7506 1743.46 
9.63338 7.94705 13.0175 24.958 845.627 
7.12029 10.5022 17.6144 21.8926 2172.93 
5.16391 8.59915 28.5055 13.3706 1048.61 
13.0706 14.7364 14.4832 24.3563 1236.77 


Individual: 86
12.2816 14.4052 12.6752 20.1272 1351.82 
11.5488 6.0737 15.2463 21.5083 1707.46 
8.24287 10.903 27.666 19.4953 1140.5 
9.27398 6.22883 22.3574 15.2104 1979.22 
5.6073 8.62195 13.2183 22.1652 577.489 
14.5289 14.7004 21.6685 16.576 689.115 
12.2343 12.358 16.5641 24.2558 951.452 
10.8075 9.38157 10.0889 22.0686 1228.63 
10.4028 14.0432 21.5298 19.1744 1310.39 
6.41999 12.3438 25.4753 24.5306 1011.13 
10.6319 7.61368 16.6987 13.1019 1238.92 
12.1019 6.68449 16.3199 14.3664 668.207 
13.1426 7.35206 10.1999 23.4862 2367.55 
7.81181 7.50335 28.1475 23.3063 1145.44 
12.978 10.7142 11.4746 13.339 2087.54 
7.06352 7.85506 15.6663 15.8134 819.398 
9.10704 8.95931 13.59 17.4229 1016.34 
7.90792 12.5456 10.248 15.4791 881.3 
9.45699 6.46567 15.717 15.9915 2420.26 
9.77811 7.99442 16.7304 14.0769 1964.82 
5.57342 9.92822 21.8244 14.6253 1152.11 
5.49473 10.6688 14.3181 20.8464 2409.92 
11.6637 14.0215 18.2126 17.6505 2486.37 
14.0803 8.07187 27.559 16.7432 2128.51 


Individual: 87
9.70377 14.1685 19.3931 24.7182 636.032 
12.7302 8.90311 19.7705 15.7608 1393.37 
6.22867 12.1917 20.1293 16.0667 508.111 
13.9754 9.17115 10.2042 18.2602 719.764 
5.25284 14.4296 21.4453 24.7841 1177.4 
5.55681 14.5997 22.896 21.6967 1171.94 
10.4574 11.2698 28.483 14.6301 1064.95 
6.94329 11.2532 27.03 14.6102 1238.16 
6.74803 13.9395 27.2216 16.7995 585.534 
11.8401 6.74537 19.9331 16.4051 1865.98 
7.82863 13.7252 12.0427 16.5159 1707.51 
12.2957 9.19935 29.5865 14.2427 2064.68 
12.2081 10.8882 23.9424 24.9879 2281.01 
12.7925 6.29636 16.567 24.0235 1815.02 
12.246 11.969 15.9115 13.3815 1330.89 
6.47036 11.4207 13.3166 15.4441 1628.61 
14.9807 12.2627 20.0596 22.7609 864.36 
8.77487 14.1657 27.3951 21.206 837.666 
14.2391 8.62665 24.2153 15.1676 583.418 
12.0495 14.56 20.0902 20.3205 686.845 
12.4148 9.17587 19.3151 19.0984 1202.62 
7.49802 13.9541 11.9859 23.0642 2417.16 
6.82486 10.0113 15.7254 15.9803 675.098 
8.70255 14.3599 15.4774 20.903 914.733 


Individual: 88
8.70933 9.31651 24.0279 13.5936 1244.94 
8.19774 12.0882 25.4465 13.0467 622.426 
7.07364 13.843 22.9265 13.2366 1691.93 
6.28758 9.28137 12.7394 23.9655 757.611 
11.4814 6.61648 16.9341 14.4165 1778.85 
5.01312 14.253 18.3525 20.3451 1524.3 
9.37578 14.129 16.5456 15.7981 705.721 
10.4536 11.752 16.8329 17.6687 1107.49 
9.58255 11.7622 16.3738 17.435 938.571 
10.3046 8.11999 15.7358 24.2134 500.454 
8.03078 6.36124 16.524 18.6707 1559.05 
14.1131 14.4382 23.0611 14.0521 2111.09 
8.43333 6.89972 24.1533 13.9274 1166.74 
8.42372 13.1736 24.1015 18.9039 2218.37 
12.0566 11.8828 11.7656 20.8757 660.775 
12.9432 8.50549 14.8441 23.3505 1013.3 
11.5217 12.8462 13.8022 14.2864 1672.13 
8.79699 13.3565 16.7301 18.9581 601.637 
6.89142 10.6192 20.1602 24.6622 1556.63 
10.3485 8.35656 15.3181 17.3623 1535.71 
11.7357 7.93194 14.4165 17.5357 952.106 
14.5035 14.4245 17.2372 20.8593 1106.46 
8.67351 13.9455 15.7381 13.6193 1995.42 
5.27665 11.119 20.1249 17.3862 2498.55 


Individual: 89
10.8296 10.006 14.7981 24.672 652.985 
7.44278 8.05606 16.5512 14.5767 1422.93 
6.46859 13.2915 16.0527 24.4652 1652.82 
9.27583 12.1693 18.4119 14.2005 2463.27 
8.99253 9.06686 19.4761 13.1469 1850.91 
13.4424 11.6154 26.6272 18.0227 2187.24 
13.4783 8.17952 20.1901 24.2197 801.891 
7.41946 14.3902 24.8385 24.2622 549.004 
9.25543 10.3601 25.4981 22.9805 1590.91 
11.0632 14.0943 24.8104 20.9517 2222.47 
10.5274 12.1414 10.976 18.0629 2425.37 
10.6973 13.1174 24.4765 14.7173 703.915 
6.25188 14.464 24.0375 16.0751 609.339 
7.15625 8.23789 28.078 22.4612 1640.85 
7.00259 10.9749 13.2096 22.0823 1653.55 
6.91272 11.0907 27.2648 17.1728 1247.99 
10.7113 12.3046 27.1277 23.0965 763.008 
9.476 10.3532 25 13.6236 2453.14 
5.9134 7.37882 16.2567 16.9114 823.683 
12.0862 12.1848 20.9323 15.2663 1121.87 
13.0172 12.4097 28.5837 15.7756 1482.26 
7.55412 11.7815 13.3083 16.9584 995.833 
14.1167 8.76384 11.8773 13 523.842 
10.6284 14.4585 18.0203 14.216 576.882 


Individual: 90
6.21808 12.0732 10.6603 23.3762 637.665 
5.51527 9.84635 12.8547 23.0655 930.451 
10.0499 11.9162 17.6143 24.1329 1333.07 
7.30622 7.66574 26.6709 23.4037 1004.21 
5.96588 9.44552 25.5722 15.8179 1773.46 
6.15696 12.2573 12.9818 24.8361 897.781 
6.71603 14.2335 27.4938 18.1251 1711.15 
8.22398 8.69823 13.5814 19.3777 1818.36 
12.3898 6.60346 17.0135 21.9043 2227.95 
7.81833 6.0083 21.0737 14.8916 624.87 
11.595 7.13025 28.7245 21.2233 742.815 
9.70969 6.35023 28.9786 17.8046 2326.54 
9.34077 6.52176 19.5561 24.9114 915.324 
11.2788 14.6859 11.8182 20.8701 839.302 
9.36177 12.5852 23.7588 18.4726 626.046 
8.04497 7.16005 19.135 17.0128 1390.23 
6.60518 8.90636 27.4369 21.3417 1563.94 
14.1172 6.22142 21.6474 13.2143 1010.43 
9.80633 9.53913 29.6176 16.2489 1269.36 
8.318 14.6857 16.3732 13.0563 1830.41 
6.71694 10.7069 26.3148 20.8961 547.048 
12.967 14.5792 12.0807 18.4024 1088.57 
6.79097 10.2127 17.6253 15.6372 842.407 
14.3407 14.5306 14.9967 15.3817 1778.58 


Individual: 91
10.1971 14.2022 28.3885 13.1337 1082.85 
11.5006 7.50895 14.4191 13.1504 678.517 
8.36393 11.1327 18.1633 22.4676 885.382 
11.7352 14.092 10.0774 18.1774 2214.53 
6.65426 14.2103 13.8328 19.8136 2016.86 
14.6934 7.873 16.8052 21.3266 1748.3 
9.41298 8.23997 18.0886 14.6839 2184.93 
14.2676 9.2123 12.8154 22.3406 1323.27 
12.9012 13.7129 18.1276 14.5054 1248.08 
5.82399 11.4798 20.3826 14.9199 2424.78 
8.11183 9.67716 24.2545 14.0475 1190.35 
12.937 8.55002 15.8287 20.5077 2266.75 
10.125 9.16989 27.2503 19.3732 2435.56 
13.7541 11.2438 24.592 15.785 2028.31 
14.4812 9.51131 28.9127 15.4681 1675.3 
13.6319 10.5324 19.3109 15.4938 1800 
6.97725 8.13901 26.894 14.8169 890.411 
6.9164 6.77069 25.7866 24.6977 1195.6 
5.24517 7.46807 28.2916 13.8026 527.497 
7.83579 9.29098 10.0462 13.0351 669.861 
6.9588 14.2868 23.2482 15.0263 1294.69 
5.1043 12.8656 17.8098 16.65 1338.26 
12.1016 9.4658 18.593 14.0142 848.166 
11.1467 11.6903 27.5985 1.#INF 1437.3 


Individual: 92
11.8348 11.9724 15.9281 23.593 922.259 
9.73389 13.9893 23.4951 21.0925 1448.08 
8.56778 10.799 15.188 14.9554 702.782 
12.9035 9.03593 11.3342 14.6356 1353.33 
6.23585 12.2976 20.9679 16.4263 2199.7 
13.2339 12.8117 12.7644 14.1803 1362.31 
13.9655 10.5232 16.4087 16.672 696.145 
5.95785 10.9822 19.8275 22.2542 832.797 
10.6232 12.8889 22.2063 17.2826 2047.1 
8.36959 9.38874 26.4608 21.7917 2391.16 
9.30046 9.58553 12.9845 20.5353 1103.09 
12.7471 8.42751 17.4491 13.7712 1933.16 
9.99632 8.18125 22.5258 18.8058 661.718 
9.8134 12.8332 12.545 21.3613 1905.04 
5.18169 7.0853 29.6828 20.9535 610.858 
6.66611 12.3303 15.3247 13.1412 1837.69 
10.0078 7.67539 13.7372 15.17 2154.61 
12.3245 6.81164 26.8714 15.7984 1935.95 
8.04394 14.9561 10.6097 21.7825 2075.57 
9.3726 6.71304 14.1412 15.2622 2143 
9.73434 9.12337 20.1841 20.6688 1753.62 
11.2544 8.78224 22.7067 20.5549 1665.34 
14.5098 7.77067 19.1567 23.0124 801.287 
8.25497 7.04201 11.8408 22.6848 1344.51 


Individual: 93
5.28177 6.24138 15.0789 15.9465 1217.91 
7.75079 8.57727 22.8783 21.9084 1814.6 
7.97745 7.42025 26.7377 14.7468 1417.03 
6.51577 6.57908 14.4243 20.8575 735.778 
10.5604 9.65013 24.8277 18.1067 1254.9 
7.96721 7.1443 14.089 14.7562 1634.4 
7.08813 14.3801 27.9193 15.3344 643.319 
10.6943 12.8779 29.4265 16.1241 1501.34 
12.706 7.53619 16.7831 24.1339 1479.6 
7.54497 6.70372 27.0394 15.1545 1793.36 
13.4193 7.49072 10.9939 17.5869 1873.61 
8.45131 7.29793 29.2042 18.8106 2424.45 
13.4816 14.1331 27.1606 17.677 1109.77 
8.1982 12.3926 19.1017 22.0992 1026.36 
10.3955 11.9551 19.8834 16.9766 2301.54 
5.18824 12.6489 29.282 18.8547 1281.55 
14.0006 14.1602 22.9153 21.8165 671.091 
9.60474 6.40121 20.9916 19.0077 1644.41 
5.1291 10.7547 25.8144 15.0697 1258.42 
12.8424 9.99546 10.8728 23.0974 2366.1 
6.16209 9.27065 23.8233 22.8746 2135.4 
13.9885 7.36802 18.2461 19.8491 800.137 
12.5461 9.17143 24.3026 19.8164 1177.22 
7.90649 12.3827 29.6026 23.5819 1727.15 


Individual: 94
5.17174 10.4637 25.6315 14.6382 1010.23 
7.11884 7.25785 12.8322 20.2138 1236.65 
7.79726 11.1933 22.572 20.6329 2487.22 
8.17232 11.2814 28.3823 13.3021 1059.04 
9.06921 13.6427 19.7474 14.5106 1603.63 
11.3647 12.3435 12.1935 17.0069 2029.09 
10.2005 9.41019 29.4457 17.7262 2195.4 
5.17933 9.15006 14.5255 14.1138 1035.48 
6.16695 9.49873 29.2943 20.0505 1959.75 
6.16377 10.6759 12.2379 14.6429 1436.42 
12.5718 12.3399 26.8838 19.4798 1282.73 
10.8816 11.188 26.4966 13.1892 683.486 
7.99414 8.90628 10.0058 14.7755 1659.99 
5.18945 10.6792 14.2583 14.1858 828.112 
13.2464 9.7959 27.6928 20.4815 960.693 
12.6366 10.675 22.5336 15.6162 1054.43 
11.6971 12.3697 18.5486 24.8841 1114.74 
10.6252 13.2979 24.3261 18.1442 1621.48 
5.39296 13.1718 17.9699 13.0027 2133.4 
8.24838 6.48199 26.56 23.3636 1565.19 
14.4584 12.2124 23.0826 21.5726 918.499 
8.98081 13.6226 27.8431 19.1803 1864.45 
10.2635 8.42288 18.9448 24.2859 2147.22 
11.5294 12.7833 15.3682 20.3853 2437.35 


Individual: 95
8.33584 13.5498 24.3294 14.5054 880.062 
8.90031 8.00576 26.0473 21.4065 843.865 
7.97565 13.301 16.7341 13.026 1909.33 
12.2672 14.4679 29.1165 14.4094 669.879 
12.0187 8.51343 25.0082 18.1884 2062.99 
8.24898 12.3722 23.6043 17.3892 1395.13 
13.2393 7.15769 18.8753 15.3693 1106.06 
6.18069 9.04479 13.4853 16.8332 792.553 
7.75497 6.7642 13.7021 18.0012 2446.56 
5.96261 8.87911 27.1092 17.2216 686.845 
6.3503 9.82093 13.5379 13.6514 2010.85 
5.65574 6.76655 17.3909 21.764 1621.94 
8.0863 9.50919 25.9082 19.7419 2347.9 
8.42256 10.3906 27.7397 23.473 1120.19 
6.38357 10.8959 28.7267 14.6209 2445.11 
5.89222 13.5386 20.7584 14.4746 797.822 
7.42052 12.745 14.5476 14.8366 1093.52 
5.35272 7.33496 11.6963 18.7483 695.234 
11.4584 8.36791 12.7206 19.8391 2164.67 
11.0085 7.04815 11.829 14.7159 1287.4 
11.5059 8.2919 15.6161 17.058 1968.02 
9.28346 12.3031 14.1557 21.0875 1872.25 
7.82656 10.9885 12.5497 24.06 1870.8 
14.403 10.2435 21.9681 18.9683 937.469 


Individual: 96
11.0147 7.28017 24.1996 15.8879 1960.72 
12.2578 12.5307 12.1593 23.6204 1947.25 
11.5173 12.4729 16.2909 20.4872 633.65 
7.44413 13.3822 14.5866 20.5247 2169.82 
14.0935 9.38539 29.2746 22.6557 2351.86 
11.2158 6.60804 26.4509 13.8526 799.601 
7.86914 9.15004 12.896 17.8547 2083.12 
7.52497 7.32453 16.8997 24.9936 1949.73 
9.43273 13.3628 13.4193 19.6893 1235.3 
7.45872 11.7635 19.145 24.2805 2333.75 
8.68043 10.3079 29.2716 23.9543 560.394 
11.6183 6.50181 25.1141 16.1512 760.059 
12.5347 7.73146 14.7919 15.2291 1533.66 
9.32584 9.85641 16.6674 24.886 1945.3 
14.6313 6.70198 11.2126 13.0969 524.743 
11.9935 11.1501 11.6358 16.2389 1129.49 
9.15185 14.5833 11.7279 19.9543 977.633 
6.51086 8.17509 14.6945 20.4251 1536.03 
14.3027 14.1182 18.0109 22.4824 2194.41 
6.62566 13.2574 27.5489 20.3641 2009.01 
6.85864 7.00557 22.5785 23.0475 747.178 
7.04527 14.469 27.4679 23.3108 1207.02 
8.30455 6.86275 19.0549 24.5954 2126.38 
5.9613 14.6321 12.6162 18.1429 1464.16 


Individual: 97
12.0835 6.33391 15.3105 15.3077 950.657 
6.02062 8.89926 19.9227 17.8165 1385.94 
8.99057 12.4216 14.7517 14.3888 1016.1 
5.25388 8.96055 14.5781 19.8571 1455.51 
8.82079 7.41411 15.3523 18.3624 2331.81 
8.96714 7.9287 28.2303 24.1041 1249.85 
11.4856 8.86274 14.9345 16.3784 2247.03 
12.0402 9.18741 11.3468 24.5303 1094.22 
11.5571 12.9383 20.6054 18.2325 1297.7 
6.37104 13.852 19.7936 17.5429 1835.28 
10.2773 10.8455 26.5253 20.1772 1222.1 
8.33751 9.75142 15.198 21.5906 679.688 
13.048 7.60816 18.4751 19.6485 559.192 
13.6877 14.9147 10.7899 23.8826 591.13 
8.75457 10.0982 10.0109 16.9282 1789.31 
14.7822 6.46437 14.5898 19.5221 913.14 
7.7639 9.28998 20.3038 18.9234 658.751 
8.77719 10.9746 26.2297 15.233 620.596 
9.99918 8.80944 22.1737 17.7494 2001.13 
9.09505 13.0778 28.0278 13.3078 1689.54 
6.01327 11.0712 10.5365 21.4151 614.843 
13.0628 14.446 12.8754 17.8784 1144.86 
9.70266 9.28124 29.2985 14.24 2279.61 
8.87401 6.28979 12.1832 18.3246 834.557 


Individual: 98
5.4055 7.95889 23.0593 16.1141 2090.74 
7.50443 11.5547 10.2486 19.4734 723.926 
14.6336 12.8695 25.0404 16.0749 514.465 
13.1437 9.84589 20.4121 14.8963 810.979 
12.1151 9.46549 19.4817 23.6398 1454.2 
8.7751 11.4126 25.9055 16.11 1190.82 
10.6957 10.3037 15.0438 22.2769 621.188 
11.0717 10.3399 28.6691 19.6111 1700.34 
9.3863 10.898 10.8126 15.9075 1286.54 
7.36397 11.5139 20.1314 24.8854 740.78 
7.91538 12.1597 24.2817 23.5323 2390.68 
5.72996 14.5712 11.9356 18.0568 845.903 
13.8846 9.13598 22.5288 17.5585 1130.08 
5.38368 10.0692 17.9696 20.3316 524.65 
9.54793 6.56372 13.9862 15.4462 2353.11 
14.813 7.70624 27.2705 23.3979 1062.93 
8.28212 7.76754 26.6526 17.7115 2397.22 
9.3801 10.6028 28.29 15.5787 1515.4 
9.98363 9.68248 17.5235 19.1408 2111.07 
11.199 10.0233 12.3076 20.9286 560.545 
10.983 12.5006 29.8698 21.9163 686.638 
5.42264 7.2422 29.0327 16.5352 669.975 
8.24519 9.71043 16.2081 20.5351 1447.16 
9.66612 7.86811 16.0714 24.2206 614.83 


Individual: 99
5.93084 9.37028 18.5531 22.5614 1900.38 
12.6747 9.36051 25.5017 19.4549 2192.33 
5.11344 12.5446 27.1134 20.2094 1102.39 
14.6139 9.57377 12.1821 14.9474 1055.59 
7.08387 9.10511 14.1872 23.2673 593.178 
11.7224 13.2077 18.9234 17.8106 1324.21 
6.89871 8.98384 12.7476 23.5024 2322.41 
8.43254 8.02534 25.0042 14.9372 1249.61 
7.67857 10.5197 10.8231 13.2863 2462.7 
9.74781 8.01155 10.9385 20.8468 2024.13 
13.2571 7.35571 11.1829 17.8409 2199.15 
7.80312 14.6947 14.2794 24.7353 878.223 
8.78874 9.39954 16.5486 24.0337 1166.67 
5.28315 14.5948 11.074 16.013 559.566 
10.1568 11.4186 17.9251 21.3308 1484.43 
7.55493 7.62521 14.0926 21.0962 1510.11 
10.5812 6.53133 10.1141 21.5493 2497.52 
7.91264 7.89855 25.8393 18.6368 708.079 
8.45729 9.2166 10.9148 23.3692 1413.21 
7.31803 13.6761 27.213 15.1013 2292.5 
8.95352 13.6788 19.9438 13.7423 1588.38 
9.90467 9.9916 18.5821 16.3405 2211.66 
6.73333 10.8324 26.9231 23.584 549.535 
6.974 9.26781 15.386 16.2922 1362.57 


==================================================================
====================================================================
RCGA iteration: 0
