INITIALIZATION
==================================================================
Individual: 0
6.76865 6.75783 15.7356 22.0153 2006.85 
5.20593 7.1819 27.4868 23.1446 587.676 
14.583 11.0732 18.4817 19.992 1684.12 
12.4868 8.02993 17.8455 21.0791 2130.01 
11.6314 6.60724 12.0266 17.4266 2388.89 
6.07887 7.11571 16.1058 16.09 2408.52 
10.8266 10.1089 22.9326 20.4088 542.812 
13.5398 9.48 23.1391 22.1475 2389.5 
11.3482 8.86255 11.3178 18.5686 1229.49 
5.93634 9.08571 28.1744 20.3453 994.646 
10.7688 14.5763 17.4702 18.1307 705.887 
5.04304 11.3382 28.2656 13.9729 1256.52 
12.3468 10.1799 29.7763 22.5397 1254.99 
12.9004 6.77059 11.7514 13.7074 1523.7 
12.3361 7.89148 18.1703 15.9308 2093.01 
5.5056 10.8131 17.6863 22.8968 2076.96 
14.0874 8.47847 25.5645 16.4753 1660.34 
5.51787 10.198 10.3642 21.5687 503.396 
11.552 12.3051 26.1483 23.9311 2407.07 
8.37833 10.3008 24.8475 21.8916 738.266 
6.57815 8.25319 10.4506 19.4172 1764.36 
5.66775 10.3729 12.9668 22.51 2216.39 
13.6509 11.349 21.3507 20.0314 618.202 
11.8368 6.65089 10.2664 22.8881 628.59 


Individual: 1
13.3181 11.484 29.6375 15.4973 1182.88 
13.6812 13.4666 10.8782 16.6648 1932.37 
9.5978 7.48094 17.9048 16.9165 2077.01 
12.1467 10.946 23.3525 24.9896 1103.33 
8.24294 8.22148 13.4946 15.9667 911.006 
11.2959 6.746 12.4288 23.2392 1581.01 
6.13347 11.5394 16.5762 17.067 1415.84 
10.1832 6.9472 19.2161 13.3582 2340.32 
14.8 10.5267 21.1028 19.3329 2453.65 
14.717 10.8987 26.0359 20.778 553.912 
7.93838 7.41809 23.4257 20.9493 570.166 
8.15746 8.37654 13.0736 23.2962 2099.9 
9.17073 9.13905 18.0378 15.5008 525.509 
8.5687 13.1014 12.3212 16.6748 1706.78 
8.60209 14.4366 18.8346 22.1517 522.989 
9.53911 12.2619 20.2268 22.5947 2329.41 
7.75592 14.6808 24.5883 16.0161 1075.07 
6.02881 6.98497 17.7262 16.9029 645.992 
9.659 13.8739 19.4022 19.1307 808.989 
12.4449 10.2467 15.976 13.1566 1547.35 
11.3046 14.2958 11.3914 17.0232 919.874 
13.5555 7.65962 25.5653 24.6308 887.506 
10.0374 13.1129 15.565 17.915 1232.89 
11.8797 7.51427 13.0971 19.8092 1388.58 


Individual: 2
7.05856 7.84178 19.3424 21.7098 1024.16 
6.35163 6.38264 17.9307 21.663 1226.28 
6.91894 9.21905 10.8989 23.2902 1368.37 
9.78968 12.45 17.331 18.315 2367.39 
10.3945 12.5181 26.5191 19.6199 2127.73 
7.5539 8.78471 10.0415 22.0962 1131.78 
12.3091 11.1418 16.3609 23.5767 1202.19 
7.09933 7.86941 18.8625 19.437 1467.22 
9.05866 9.54936 22.6872 18.1429 2225.18 
6.7473 9.66502 11.2262 21.7416 1573.21 
7.23981 10.55 12.0616 16.0661 1384 
13.8034 12.855 24.0469 20.2707 874.377 
13.5768 13.9479 15.17 24.3417 1432.15 
14.2503 12.6851 13.1655 23.4361 1541.06 
6.78938 14.1961 19.6173 17.4508 1182.26 
9.01626 7.8984 11.7325 14.4647 1348.29 
7.79419 9.271 13.4845 14.0882 1920.03 
5.89899 6.85728 28.546 15.0869 1211.03 
6.71992 14.2194 17.9057 13.4385 1260.11 
9.04227 12.6587 29.3291 18.4286 1612.54 
8.0787 10.4244 20.968 17.4458 657.706 
5.4356 11.9411 29.5705 24.9541 511.748 
7.80881 6.60811 20.9244 13.4469 1269.09 
5.14902 12.3638 20.5259 23.0292 535.979 


Individual: 3
14.7338 11.2733 17.3404 18.1818 1778.25 
10.3887 11.4325 26.1697 18.3851 909.051 
13.3176 6.10632 10.4404 15.0459 835.912 
5.6704 7.80638 19.8987 17.4575 1090.9 
10.017 9.69768 20.623 16.0224 1350.48 
8.25112 10.1785 22.7903 19.7338 725.919 
13 7.12411 12.0904 16.6898 1602.47 
13.1332 13.7221 19.0347 18.6167 1632.95 
9.96007 8.1355 14.2137 24.4756 942.366 
14.4615 9.5201 20.9444 13.1204 1982.57 
8.47794 6.14367 26.3988 24.9315 1803.85 
8.51969 10.7788 22.9725 22.4408 1236.28 
12.7039 6.10177 17.8992 18.2788 2340 
12.8991 9.9208 14.0852 24.6284 1596.3 
13.794 6.21476 15.5173 15.0332 1530.18 
5.90966 7.80522 11.339 20.8788 1133.44 
8.98308 7.4463 15.7218 17.3167 1928.87 
14.8511 7.23805 23.6266 19.7805 2247.64 
14.5012 10.5986 20.873 24.6004 580.526 
6.81651 12.2539 12.7794 21.9693 1450.02 
5.04341 7.28596 16.4984 16.296 1613.84 
5.33212 8.80777 21.7972 15.483 2117.09 
8.76887 6.57885 16.4061 18.6095 973.669 
5.43973 8.42825 29.1348 19.1384 2052.34 


Individual: 4
9.20445 7.60375 13.5577 14.5989 541.515 
9.51317 7.46538 15.227 22.848 803.431 
12.3524 9.17852 18.666 14.2407 885.697 
14.2421 9.35621 17.3716 15.1979 915.768 
13.9205 12.9206 24.9809 22.1689 837.701 
7.3415 10.1978 29.21 15.167 1371.07 
9.71422 9.69399 27.9138 13.687 626.677 
14.0882 12.1008 11.8825 13.2898 1413.51 
6.29387 8.20849 23.5547 14.9118 1030.55 
5.74203 6.0542 16.0474 19.9328 744.734 
11.5645 6.14787 25.1701 17.4116 1871.67 
13.3187 6.24773 16.6372 14.4035 841.044 
6.76381 9.30079 24.1055 15.2025 1625.74 
7.01058 8.71119 25.3042 23.1002 586.445 
13.3995 9.2599 15.1612 17.232 1256.26 
11.0317 10.2158 18.2542 17.9552 1344.01 
7.87561 11.7104 12.7333 23.594 939.65 
10.0276 11.9007 13.4945 20.559 1479.53 
12.5105 9.92162 10.5654 19.099 1718.16 
8.34313 14.903 11.8367 21.5141 2290.69 
10.4793 9.45824 18.1494 15.0969 767.401 
6.55964 8.41298 12.6987 18.0468 1957.68 
12.0957 7.62651 20.299 22.9484 1232 
11.1966 8.92929 16.2297 23.5687 1799.53 


Individual: 5
11.0083 10.7622 11.5062 13.8601 859.333 
5.51189 10.2 22.3893 18.3936 508.813 
12.8058 9.75913 13.2369 20.3381 549.511 
6.40063 12.485 17.8509 15.1307 2104.39 
5.74537 6.0978 11.2957 22.0586 996.457 
6.82342 11.1379 19.0388 23.5858 850.466 
6.13665 12.1441 16.6587 23.7143 1568.53 
5.16731 6.46175 14.7541 14.1619 1713.68 
12.6678 14.859 17.3681 15.4347 2221.52 
8.16022 8.23552 15.859 13.3213 576.487 
7.94846 9.26914 18.9572 21.1821 641.613 
14.4294 8.70284 16.4884 13.5673 634.904 
5.8048 6.12432 29.1212 19.611 917.185 
7.13622 6.74802 12.3526 19.1632 2301.46 
12.0809 11.1225 11.0555 14.379 1273.62 
14.4193 10.9095 20.1236 16.1335 951.811 
10.5197 6.41263 14.0494 19.6588 2235.43 
14.7541 6.1532 18.3633 13.4135 1082.93 
10.2248 9.79721 20.3673 16.9115 1053.54 
5.89214 13.9989 26.9327 22.6846 2483.64 
11.5486 8.8025 19.9348 17.3897 2299.43 
12.5572 14.493 13.0492 17.6447 1205.58 
10.7356 8.17829 27.5916 17.125 723.988 
11.1263 12.6715 16.9969 15.6984 1148.53 


Individual: 6
6.38401 12.5464 18.0488 14.7199 1778.91 
7.14821 13.3154 23.4293 13.6879 2210.42 
12.5578 6.29069 10.5012 16.04 1249.15 
10.3905 6.80514 12.3832 18.4402 978.984 
5.88908 12.0283 20.5697 22.1265 1154.63 
8.47195 7.33215 18.711 16.9203 625.904 
8.50146 11.2966 11.2047 21.4535 1469.82 
5.85061 7.86891 11.736 21.1498 2229.91 
5.52523 8.41584 27.7962 15.6432 1265.22 
14.7736 10.7214 27.0773 20.5268 1028.32 
13.0062 6.34191 13.1484 22.6174 2166.17 
10.6329 14.5947 23.0419 17.8637 2064.51 
5.42809 7.52542 15.3629 18.8334 1421.41 
6.88112 7.71976 25.2256 20.0945 1760.89 
9.98721 14.7652 19.9578 22.4445 555.146 
11.2726 14.9792 22.2124 16.6305 1616.4 
7.43444 6.02057 18.8629 24.4402 1074.24 
12.7318 7.31681 19.0454 23.3767 2008.42 
12.6283 9.98985 13.7634 18.5418 958.015 
14.1181 7.77842 18.391 13.7131 1506.08 
11.5098 9.37348 21.2759 18.7967 1664.81 
6.92687 7.16814 18.8695 22.4142 2434.1 
10.2144 11.186 25.633 23.4094 923.543 
8.45392 12.5071 15.1295 17.3744 2238.96 


Individual: 7
5.83193 8.37813 22.1783 20.2387 1443.58 
9.06977 13.5977 27.5273 19.3634 591.463 
13.6995 7.85175 23.9899 14.1529 1942.86 
11.5327 10.5797 12.6677 13.6363 684.93 
9.43678 10.732 11.9079 23.021 2387.52 
9.59127 10.7004 16.0847 14.0442 1978.67 
12.7124 10.7528 29.4765 18.3592 1910.74 
7.7471 7.80091 16.4582 13.3767 590.47 
8.8712 11.5887 29.377 15.1971 770.018 
9.31585 12.9524 12.8367 18.5213 1269.98 
11.9712 6.61004 14.5781 22.2866 909.246 
5.04241 7.00859 24.7764 18.1004 1754.09 
5.68347 6.28539 17.7215 18.8613 1826.74 
5.53991 10.3108 15.4738 23.5087 1076.41 
8.46381 13.4415 22.6379 17.2947 792.497 
12.4677 7.0299 24.08 16.1332 2282.27 
12.6887 9.20319 29.7312 22.2743 1109.44 
6.1259 12.8988 25.9623 17.7414 765.988 
11.287 6.12656 15.9984 15.0868 1884.11 
14.745 11.311 10.0505 20.6477 685.098 
14.2658 8.54869 18.7603 22.7498 1666.08 
5.48661 10.7762 17.9542 14.77 717.195 
13.4992 10.0783 16.5793 14.5141 738.519 
13.3674 13.8015 29.155 14.8687 718.087 


Individual: 8
6.14776 8.86521 23.0648 15.9506 1277.07 
6.9204 6.62862 13.0746 17.0408 1710.77 
10.8808 13.1455 16.8372 20.0258 548.032 
7.24418 14.9863 10.495 13.6541 1021.52 
9.62049 6.43146 11.3672 20.2284 1325.94 
5.17735 13.7061 27.3454 15.1299 1291.91 
10.2843 6.75402 25.1386 20.3543 1035.03 
10.0154 8.35192 28.3322 20.6068 1241.81 
6.22671 13.2796 23.2243 19.5754 772.237 
14.5349 6.17173 24.0591 15.6832 648.607 
14.9426 10.8569 12.1667 24.162 1073.45 
14.0071 13.9528 29.4124 13.307 1016.53 
13.5898 7.28163 23.5446 14.76 2216.01 
10.2563 9.7248 23.1901 14.7651 657.803 
10.9945 13.2214 29.616 22.0635 1558.72 
6.60538 6.41517 19.2816 23.2835 851.361 
12.8634 12.5159 12.0958 19.1598 1464.79 
7.0239 9.90212 17.7778 18.9103 672.371 
5.25975 10.9276 12.926 18.5832 1261.02 
12.6455 13.2393 27.3918 23.1842 1251.42 
14.7347 6.14359 12.4675 19.326 2089.74 
5.52516 7.24599 15.1035 19.1143 1635.56 
5.41548 8.04208 21.2587 18.8618 635.191 
8.56936 14.7719 14.3641 15.7223 1216.87 


Individual: 9
14.9106 6 27.2533 16.0449 767.433 
10.9553 11.0013 10.8613 13.7554 771.558 
11.2357 10.3196 19.4932 17.3052 1409.47 
11.4756 8.14565 20.8189 22.9779 1665.93 
5.93136 11.1157 26.842 21.8011 1432.95 
12.3422 6.59825 25.7687 18.6022 2485.53 
13.9429 11.2721 14.91 14.7585 1080.33 
14.8089 9.46359 29.8307 24.6877 1040.66 
5.17402 13.1617 21.8378 16.4992 581.958 
9.08031 14.4825 11.0957 20.7977 2285.25 
14.6341 11.1075 25.2746 14.2804 825.901 
10.4814 8.55455 24.3086 21.6343 2386.3 
11.8287 6.74104 14.1555 15.8774 1011.18 
6.26825 6.818 21.0377 15.6359 1792.04 
9.21878 11.7837 27.2872 19.4591 1703.82 
6.04126 11.8418 16.087 16.8504 2307.22 
10.7733 6.94447 22.8442 13.6043 1978.54 
5.19347 13.5274 18.9562 19.1948 2179.1 
13.4829 10.0006 23.1626 24.5461 2310.88 
5.24895 11.7132 18.8026 13.0678 1080.17 
9.7589 8.57702 23.3731 17.8593 1730.38 
11.4235 14.1991 20.0521 23.0264 1651.88 
5.13886 12.4675 22.1997 20.7163 1357.84 
8.26382 14.5584 24.885 17.0477 1658.94 


Individual: 10
8.92222 11.2055 12.2765 21.3688 1606.76 
5.08317 12.5369 20.2092 14.9413 1438.69 
9.79617 9.02061 23.2615 16.205 2021.85 
7.33429 10.0694 15.3154 14.359 1834.55 
10.907 13.2948 17.7394 15.0206 2454.98 
11.7449 6.59443 23.672 22.3293 1709.66 
5.99337 10.6882 10.0585 17.5499 2069.81 
8.74054 12.1664 20.1003 22.0791 1105.39 
6.39493 9.99152 13.5851 13.9364 983.364 
9.00826 9.11538 13.8831 22.4054 1113.76 
13.1552 13.7868 15.4983 13.3525 871.674 
10.6462 14.8642 28.8539 17.3217 1784.19 
11.0111 13.214 26.7332 21.8913 1503.79 
7.29581 12.5472 24.5538 21.3894 2390.33 
7.62712 12.3478 18.5467 23.1458 2127.63 
12.8251 6.44915 23.3294 16.3091 1723.91 
6.39832 9.89798 24.7177 14.2382 960.452 
7.93306 8.3127 23.7288 13.8638 1091.94 
7.94077 9.73458 18.4274 24.2006 989.503 
12.831 12.5737 23.4032 16.7083 673.209 
6.54715 6.7878 12.3077 21.6482 1756.07 
5.16346 9.49235 10.9591 18.5047 1624.57 
9.80152 13.985 26.0811 16.5811 1458.26 
13.4641 14.2918 22.443 14.4366 763.584 


Individual: 11
11.4686 7.19214 28.8389 13.01 696.911 
12.4442 14.0782 23.9299 15.8545 540.479 
12.5486 6.45153 10.9957 20.1798 2162.45 
11.5479 13.2221 24.7409 17.5684 1503.63 
7.9595 7.61738 11.5033 14.2553 906.209 
8.06508 14.314 24.1529 15.1732 760.558 
11.1953 13.4408 14.1647 18.9433 1580.82 
7.67456 7.29719 10.2071 21.1041 1094.88 
12.5335 9.15047 19.4072 22.6974 729.748 
11.6342 7.59356 13.0941 17.361 1926.14 
11.2007 12.027 11.8382 24.7381 1462.43 
5.24705 11.4036 10.1477 15.0767 1105.34 
7.70414 10.7433 12.59 22.8941 1713.76 
13.1074 10.1735 10.2942 22.7997 650.434 
6.64893 6.64076 21.5719 14.8019 1494.81 
10.7143 9.68517 17.1822 22.1398 1986.4 
5.56222 8.53741 19.9061 16.3339 519.711 
5.54377 13.3373 26.7388 16.8912 1498.39 
9.34843 9.82684 22.0217 20.1969 894.329 
8.03306 6.71382 18.4266 22.8682 884.608 
5.15755 8.72957 18.4057 16.5683 904.184 
8.34266 8.22402 11.7767 24.3276 1418.39 
5.53854 7.83573 17.8784 21.4523 818.509 
5.52093 12.4738 17.5772 18.3303 1758.75 


Individual: 12
8.43819 7.45264 17.1459 24.085 575.256 
12.4842 11.3776 15.4369 18.7889 629.228 
7.18324 8.35567 21.4685 22.3375 1653.45 
9.02362 7.0446 23.8111 17.9672 1761.08 
9.30104 14.9802 17.6941 19.6747 622.469 
8.36801 7.59142 27.8037 14.6814 1158.42 
7.8149 12.2379 17.7703 16.0463 1408.43 
13.0166 13.1618 22.0267 24.0294 2420.23 
9.34624 8.66429 22.3955 18.2393 641.838 
12.2353 7.67633 22.6256 20.1598 1422.04 
10.8049 9.41802 27.1815 22.265 1053.86 
12.946 6.61321 19.577 19.4522 1072.58 
6.34679 7.60207 24.3727 16.9043 807.908 
6.57092 12.8715 26.7629 18.688 2098.93 
7.11699 8.88324 14.4851 23.1481 2177.38 
10.7981 8.1135 15.6188 22.703 1725.48 
5.73483 12.951 14.4448 23.8099 1058.62 
11.8653 9.07445 13.1645 22.9133 2420.58 
6.7372 12.5988 14.8544 22.3412 2144.13 
9.75184 14.5719 28.8696 20.6728 1336.45 
11.8172 6.89447 17.1053 19.3681 657.792 
8.90672 11.6335 13.0098 17.983 1465.74 
10.1421 8.90653 10.8325 21.8118 2064.59 
10.7455 10.0266 14.4721 23.681 1509.01 


Individual: 13
6.06121 9.93423 22.3217 17.6102 2200.77 
14.8801 13.3976 21.4496 24.467 905.65 
7.14299 14.4901 25.2467 18.7608 1978.51 
12.6764 6.06724 27.8796 18.5238 1113.16 
8.06678 12.7166 28.502 23.0828 999.141 
12.1632 8.22624 15.5144 18.1598 1792.57 
5.47946 13.775 21.9778 13.9543 1697.12 
10.4065 11.7124 10.6297 21.386 925.419 
5.61196 13.5396 19.3806 16.1717 1089.67 
8.9899 7.18614 27.7 17.9196 2330.55 
9.5241 12.8879 11.2446 23.4309 794.705 
11.4579 9.6825 24.3489 24.2073 898.691 
7.11108 6.17601 27.439 17.9104 1257.3 
13.4165 7.58351 16.7033 18.3286 612.158 
10.9064 6.61521 16.3233 16.5267 963.807 
13.0025 9.52274 23.9969 13.3311 525.779 
9.30284 10.3209 16.1346 16.5997 965.895 
12.5328 7.23893 28.9176 21.1512 1250.82 
13.5674 12.687 22.0637 17.555 1521.56 
14.5455 7.36424 27.7652 19.6905 1690.51 
5.0161 9.13156 10.7244 19.5551 2248.41 
8.46665 9.12932 11.8439 24.0968 933.05 
6.50142 9.46209 10.5421 15.8725 1820.52 
13.789 10.389 16.8289 21.1466 1165.16 


Individual: 14
14.232 13.9226 22.2419 17.8413 1205.88 
12.6339 8.86561 11.7341 23.2498 718.977 
7.75446 6.70163 12.2062 18.0474 2244.31 
11.33 8.26802 20.2747 16.1489 1776.71 
11.0659 13.7585 17.6444 19.8995 2275.08 
11.0288 6.42547 10.9423 17.8742 1590.33 
12.315 7.02635 15.7641 14.6078 2309.18 
5.58542 8.04769 22.0953 21.9044 2093.05 
8.37666 14.3799 17.7343 23.2475 2489.31 
13.3452 10.126 15.7217 22.5969 641.531 
7.37061 13.9279 28.4643 17.3062 2303.54 
5.48869 11.8257 22.1522 14.1991 936.694 
6.66102 10.849 16.6146 22.2427 1407.05 
9.60572 14.2793 17.9587 17.8322 1287.63 
11.348 13.8546 19.8198 16.7721 1835.08 
13.2929 6.53785 18.8868 14.2507 1544.24 
13.4615 12.919 28.1653 18.4647 1535.91 
5.46953 10.001 15.7341 14.5327 507.989 
6.55202 7.06896 15.682 23.0497 1689.63 
6.89947 6.55129 12.5167 21.7754 1841.68 
9.91896 13.2502 15.4796 16.562 1190.41 
9.29933 6.10626 19.4882 15.0082 1958.01 
9.72304 13.0277 17.5557 23.9428 1435.26 
14.3407 11.4534 17.0355 17.4057 554.365 


Individual: 15
6.57138 13.0701 20.4657 16.4763 1007.17 
7.55182 7.5755 28.871 23.0857 2292.12 
12.8232 6.17605 20.549 14.2326 2142.42 
7.0977 7.42193 22.4522 23.9472 1006.8 
8.40619 10.3279 16.7282 17.2841 1979.79 
11.001 14.7127 22.0029 18.011 1678.25 
10.2205 7.67898 21.14 19.2574 865.567 
12.037 11.6641 27.48 17.7152 1651.06 
10.9049 6.28205 20.0451 19.7024 673.979 
12.0536 13.3423 18.3263 23.0953 567.968 
10.1107 8.51865 23.2471 15.7965 1155.46 
11.4445 9.16687 24.2282 21.2952 1726.17 
8.17248 9.6532 13.8055 17.0755 1346.16 
5.13082 8.93106 19.4499 21.328 1156.99 
6.79272 8.42313 12.3234 20.3921 564.852 
7.70831 9.49791 10.762 17.4461 1598.23 
6.0411 11.1616 14.6059 22.0176 2160.58 
5.03114 10.7494 20.8532 18.0417 1630.26 
5.14654 14.091 19.385 15.0823 1843.47 
12.9547 9.96519 28.8144 18.1211 1579.59 
5.25141 8.15666 13.1823 14.8756 916.503 
11.477 6.44324 17.7879 24.603 511.359 
9.26833 6.50266 13.8734 20.8734 1825.95 
13.7933 11.6609 10.6193 23.1947 1954.03 


Individual: 16
5.68025 12.719 20.3609 17.0492 1638.87 
12.3655 10.4936 24.8676 24.3076 1063.59 
10.1823 7.89212 25.4594 22.7877 1077.09 
13.7148 11.7844 20.8541 14.5067 1833.73 
10.7532 9.6532 25.1247 22.3036 909.003 
12.9652 12.4856 16.6178 23.6858 1252.87 
10.4396 11.801 17.2294 16.3537 822.485 
8.14879 11.422 18.9333 13.1212 1740.54 
11.1201 6.72407 22.3655 13.878 2339.06 
6.73779 10.2674 17.2896 20.8112 2147.67 
5.03899 11.3294 27.1868 16.2011 2008.04 
12.0811 6.97588 15.8614 13 1723.9 
5.30329 10.5142 24.2711 15.3904 2363.73 
10.8669 11.2353 25.4704 24.7252 1382.39 
13.5283 10.6275 18.9717 13.1828 930.716 
9.96746 11.0882 19.2277 22.228 704.786 
13.0563 9.15359 20.6796 17.5502 2245.4 
13.6299 11.3489 15.2519 24.9324 1830.69 
5.46178 7.10685 24.8404 24.4562 744.855 
12.4697 14.8901 22.9218 19.2964 1077.84 
13.7218 7.23682 29.2457 19.6269 1409.82 
9.32292 7.51266 15.8573 17.4781 620.435 
8.81052 14.6836 27.0076 19.1781 545.863 
6.35228 12.2603 27.2477 19.5967 561.872 


Individual: 17
5.08969 12.2123 16.7848 18.8572 2056.19 
6.24698 10.2684 14.0088 17.9153 558.799 
14.8341 9.08341 27.5499 19.7368 836.656 
9.72741 7.56539 23.6281 18.1491 2489.1 
14.8616 8.11636 14.444 15.7791 848.955 
8.38597 14.1375 16.3464 20.9136 2382.53 
8.15281 9.44213 21.4928 23.3712 2096.5 
12.3481 8.5692 25.6403 19.1754 668.045 
12.1136 9.49633 16.2889 22.7612 877.662 
10.0598 6.32628 13.4612 20.9359 849.65 
7.87787 11.4384 21.646 16.1258 591.561 
12.1447 8.08517 29.1928 18.0126 2381.1 
9.38904 7.01822 16.0603 23.5293 884.03 
8.86832 9.56198 24.3996 16.0953 2442.86 
5.31247 8.51801 17.7346 21.4733 1966.84 
12.2388 8.12117 11.1659 23.7153 665.307 
7.46305 8.96171 19.359 15.1659 1254.61 
5.93346 6.72271 18.2981 19.846 709.874 
10.8479 13.0013 14.8084 17.1643 820.871 
7.07096 10.4565 29.756 19.2999 538.282 
7.53847 7.00738 24.4632 22.5222 810.283 
11.8141 7.71733 16.996 22.7557 1085.47 
10.0138 9.68791 29.9197 22.397 796.646 
7.3444 14.0945 22.3023 20.8054 527.814 


Individual: 18
5.64859 8.96045 28.1861 24.0652 2015.44 
12.8011 12.0403 28.2156 21.6329 1604.01 
7.77252 9.52267 22.8489 18.4008 627.289 
6.32019 6.10068 15.9558 18.1364 1260.48 
10.7819 7.3341 13.0468 13.057 2067.31 
6.71875 8.2317 25.8177 16.3835 577.852 
14.04 13.663 11.3939 13.6348 2499.07 
6.72527 12.6548 13.366 17.0082 2385.69 
13.7195 7.57954 10.571 18.3461 1716.79 
6.41432 13.3471 21.8366 24.2675 2121.77 
14.8256 14.0274 25.9234 24.7636 1746.51 
14.2955 11.3144 10.8433 18.9047 786.111 
11.3554 12.6381 12.3938 13.9446 2417.22 
8.71333 9.60632 25.7933 14.664 633.596 
6.87801 6.24034 24.8873 19.9432 771.987 
11.6168 14.4818 11.157 14.0917 1253.77 
5.45258 7.11577 14.0183 20.6827 642.192 
6.73736 11.692 14.2423 18.8944 579.707 
6.46164 9.29906 11.6557 14.7587 2369.6 
5.11019 11.84 21.9551 22.6069 992.487 
7.96403 6.03657 23.8312 23.8085 2091.35 
14.6343 12.3198 14.9795 13.0843 2286.95 
13.6565 14.7845 20.9521 19.0877 1854.43 
11.9181 8.89538 18.606 20.1645 1081.48 


Individual: 19
13.8129 8.22855 14.2053 14.2232 1117.82 
8.94828 13.0115 25.0618 23.6408 522.682 
6.21509 9.01516 29.0027 16.5754 1550.18 
11.3509 12.1588 27.3993 18.2919 2244.1 
7.73495 8.4841 24.5766 15.5773 898.088 
6.94812 13.7328 14.2275 15.4463 1166.67 
8.44765 9.3796 14.8271 19.3037 2085.18 
12.3852 6.83603 19.264 19.3149 2332.46 
11.0287 7.05201 19.6918 15.8363 667.565 
6.98888 7.36464 12.2615 18.9804 589.831 
12.8897 7.10058 27.9575 20.5411 2221.52 
9.76694 6.72927 17.6154 16.1203 1356.51 
10.1008 8.06227 27.491 19.9617 2176.72 
12.0179 8.44779 18.855 19.252 1557.16 
9.01797 7.24078 29.0959 13.8931 1002.06 
5.87413 10.9931 18.2036 13.0166 1171.57 
10.9593 7.58976 29.3574 20.1674 1810.14 
11.7136 11.4515 23.4925 21.7803 1107.95 
5.81673 12.778 15.0687 18.0711 1851.51 
8.84557 8.3691 15.8577 20.6637 1764.07 
7.0238 8.84278 17.5453 18.5505 2229.16 
14.438 8.56553 25.6406 20.0814 1204.57 
10.6031 10.5714 20.953 17.6294 808.329 
13.3226 10.893 18.8889 13.8655 2152.17 


Individual: 20
6.32089 14.7043 12.6044 13.0176 852.098 
13.0917 11.03 21.5714 16.2085 1967.11 
14.3069 9.89983 15.0544 22.7667 1931.06 
10.5425 12.8903 17.9513 18.2415 1850.44 
14.4463 13.4361 14.7236 22.5534 1214.9 
7.32256 6.07416 24.7781 17.0453 1707.76 
11.0967 11.5775 11.8819 16.5295 2021.29 
9.02055 7.23432 10.7381 15.7832 1611.58 
5.43545 10.2934 22.457 23.4969 2031.38 
7.97455 9.24635 23.5897 20.7183 1658.42 
10.1583 10.74 20.2484 14.9531 658.993 
9.71252 6.62941 16.8148 23.0961 1560.7 
11.8037 13.0756 19.5248 24.2934 1240.8 
14.5063 9.00485 29.9379 13.9992 2399.92 
12.5419 11.7179 12.6663 15.9556 1209.69 
11.0075 8.3972 25.499 24.7113 512.964 
13.3465 6.55762 18.6525 20.683 615.095 
11.1977 8.13736 18.4759 24.5301 2499.73 
8.48692 9.06798 21.5471 13.4757 950.253 
5.17872 6.09525 11.6794 16.6464 545.892 
7.55798 12.2728 11.6986 13.3328 1535.46 
10.303 14.2744 26.2681 19.4724 1754.16 
5.63934 8.41356 12.4547 19.3248 1425.53 
7.63426 10.8212 22.2232 21.3827 1563.89 


Individual: 21
8.89946 10.1973 25.2146 15.9615 535.092 
6.49538 12.1417 28.4946 19.7115 789.489 
5.99772 12.8407 15.1898 15.1743 2248.53 
9.126 6.70169 15.2643 16.459 1765.34 
8.23596 12.1554 11.6738 24.8873 688.734 
14.2078 6.31829 11.7741 23.278 822.494 
9.18269 14.9524 22.1459 20.0255 619.144 
7.81138 10.2684 26.7218 15.9777 969.954 
11.9879 8.64972 10.7845 13.7893 771.531 
7.82765 6.82453 27.7862 16.1705 808.297 
13.6276 11.6734 18.2931 13.972 1450.43 
6.8912 14.3607 10.2102 19.3842 1012.39 
6.62218 7.99591 20.8801 15.7834 1208.87 
5.38492 11.9902 10.9347 21.4864 1322.92 
14.1677 10.8136 29.4896 14.1079 1599.26 
5.82588 6.35062 17.5417 13.214 1502.53 
6.31604 7.6771 22.8698 15.7407 1972.41 
7.39457 9.92834 13.1452 19.017 558.137 
9.7922 7.15076 20.444 17.0072 1361.1 
14.2879 14.6827 22.8434 13.0402 679.454 
12.748 11.8362 25.1375 19.8648 1975.95 
6.44836 11.9153 19.0177 13.7448 937.914 
13.6565 9.85732 12.6866 14.3539 2238.34 
10.7265 8.90591 17.7082 14.3916 2120.37 


Individual: 22
11.9415 11.3307 17.3656 20.0413 1957.46 
7.64923 10.2902 21.5624 21.9763 1570 
7.24664 7.06299 10.0435 14.4954 614.08 
10.1397 11.6307 18.8134 13.7151 1634.47 
9.24853 12.4156 13.2001 15.3374 551.739 
13.3939 10.2986 10.6441 19.9845 1419.22 
9.72563 6.46196 14.5398 19.3889 2062.34 
10.1033 14.2357 27.5639 13.3463 1507.39 
8.75019 9.41379 18.8797 21.6076 624.675 
6.22754 13.9781 22.7931 18.4539 526.431 
13.8555 10.0252 15.7549 15.5999 2458.33 
11.7638 11.3856 11.7133 24.9849 1052.74 
6.00108 10.6323 24.0188 24.0009 1108.7 
11.7881 7.05357 25.9831 13.9344 1889.67 
8.73382 11.342 25.3069 19.5077 1899.37 
8.4492 13.6554 19.8492 13.1399 550.043 
14.7973 8.83768 14.1521 17.8254 1380.96 
13.9344 7.84344 13.413 15.5645 1035.63 
5.42437 6.967 21.9473 21.1756 1038.48 
7.77071 14.4617 16.5464 23.683 2238.6 
12.7536 9.6017 22.8293 22.3762 2127.03 
9.17808 11.41 13.3317 18.0699 1143.5 
11.7635 10.4454 26.2777 18.2151 617.227 
14.3357 11.9819 29.5904 23.4469 2131.62 


Individual: 23
7.46639 6.44786 13.6245 15.519 2121.72 
7.64615 7.52135 13.179 17.3049 1887.6 
8.98019 7.71752 25.4128 17.392 1578.74 
6.44853 9.64679 12.7789 22.5269 1281.62 
9.29254 8.35216 21.6907 18.0601 1225.28 
14.2067 12.8558 29.2662 20.221 1837.03 
8.88487 8.02893 14.9681 14.8588 588.997 
10.9539 9.81723 21.6044 20.3677 549.44 
9.38776 7.60365 22.5338 15.4228 1627.77 
5.29973 14.1136 11.4303 17.3732 920.557 
12.3103 6.43294 12.2917 15.4859 1412.68 
7.63635 14.5103 17.3425 13.0918 540.758 
9.80799 8.63431 16.42 17.6113 2139.51 
6.46083 7.01269 16.3838 13.4065 1252.47 
12.1364 14.2425 13.4617 17.215 1202.25 
7.55728 11.2509 18.4478 18.6168 733.843 
10.2482 12.6988 14.2501 15.9153 2314.67 
9.20115 8.3372 22.7921 21.1906 2290.89 
6.54076 6.56252 24.3185 15.7156 894.727 
5.64655 8.32734 26.8988 19.8983 968.535 
5.34603 6.69043 14.0461 15.1611 2306.42 
7.91464 6.72766 12.4995 17.1286 1881.69 
8.98506 8.83446 13.5578 14.2037 1981.25 
12.4099 14.5318 21.7873 18.6038 1595.83 


Individual: 24
11.1548 8.55562 14.4229 19.967 969.249 
7.47276 7.57569 25.1421 23.7161 1423.8 
11.3122 6.61325 29.1049 23.1146 1226.52 
13.6774 9.00976 22.8389 20.5169 2267.92 
8.9259 14.2563 13.7071 24.4402 1436.26 
12.5501 9.2161 26.0248 16.841 824.939 
8.29173 6.85057 12.4517 17.7694 1654.2 
11.8705 6.40459 27.025 23.2368 2410.25 
12.6124 7.52495 27.0161 21.4168 926.97 
5.01842 6.17952 18.2564 20.2014 588.474 
5.30189 6.08719 12.2031 13.3479 1269.86 
7.08945 10.6101 29.053 16.5295 1812.04 
6.67941 7.82026 10.9322 16.8301 1352.2 
6.48751 8.26555 19.8038 15.3342 1054.5 
9.83411 10.8505 22.9412 22.515 989.635 
10.141 7.04481 21.8913 13.5897 1245.43 
9.09538 14.9548 23.3476 21.2058 782.128 
5.6983 10.5707 16.0353 15.8806 1165.29 
8.99089 10.697 29.3323 14.4318 715.426 
5.2319 7.71126 25.6146 16.61 2016.56 
8.52017 10.945 21.6901 14.3513 2328.45 
12.9241 11.7839 29.3208 24.5046 1808.44 
14.1884 13.9856 11.1549 23.7391 2225.48 
5.57038 12.0633 17.8039 21.2638 630.902 


Individual: 25
13.195 12.8667 21.6837 13.3813 754.738 
5.67414 8.73913 17.8645 22.6773 645.634 
5.1047 6.86097 15.9214 19.0211 1234.57 
7.55137 9.68394 11.6489 16.0167 952.324 
5.38406 12.1829 27.4455 16.7008 1442.07 
6.10476 13.9374 13.3734 14.2203 2488.24 
6.60774 6.58816 19.6807 16.1579 785.714 
11.1119 6.31746 18.9801 24.553 992.611 
9.03474 13.2061 12.8398 18.2544 610.529 
13.0573 14.9422 16.6776 14.7502 2466.67 
14.7746 9.16862 14.5499 15.0718 1746.01 
9.36 10.5022 22.8199 15.3384 1854.63 
7.73861 10.4431 26.9087 24.6353 1295.45 
8.65505 9.59898 15.4611 17.7826 720.756 
7.19 10.6627 21.4764 22.6756 2326.36 
12.0061 9.04142 28.118 14.0759 2133.43 
7.58036 14.9389 21.127 23.9137 750.703 
6.30875 10.6975 12.3698 15.9093 2306.98 
9.47767 10.9228 23.3569 22.553 1733.42 
11.2384 6.71653 24.089 24.1399 702.525 
5.30409 7.90722 29.5334 19.8379 1154.96 
14.7047 11.6559 26.7815 23.3164 1570.94 
9.19721 13.6779 27.7566 23.0175 1686.58 
12.9373 9.45239 17.5493 21.8421 2072.36 


Individual: 26
10.696 10.4746 12.5489 13.9753 2146.07 
5.66223 10.428 11.7489 17.9288 1177.73 
14.0041 10.9528 10.4675 13.2928 1831.88 
6.82803 6.19863 19.4722 24.8911 1279.87 
11.2274 6.23673 13.8847 20.0698 1420.63 
7.34536 10.1053 23.8177 16.5748 2476.72 
8.08075 6.25505 19.3123 24.3374 2348.21 
7.4929 12.2636 24.3385 17.2439 1659.7 
6.23453 13.022 26.698 24.4876 2494.34 
5.64032 13.9285 25.5437 19.3631 2425.63 
13.7026 9.51228 20.8169 13.4633 2278.27 
7.43324 8.06297 10.1813 23.142 2148.22 
5.60042 14.8454 17.9748 15.4206 1160.73 
13.8091 10.2515 26.9863 13.269 2471.81 
13.9003 11.8706 21.1364 16.2587 1045.67 
5.29241 10.0845 21.6325 17.4959 2159.89 
6.55694 12.7006 12.8578 22.7986 704.388 
7.48505 6.86709 29.0979 17.7934 2476.37 
10.2443 13.4453 10.5974 24.6354 2273.68 
14.7322 7.71288 27.0063 19.0809 2216.81 
5.21477 6.04363 29.5455 19.7165 1316.8 
6.31511 6.01386 29.501 21.2939 1480.81 
10.7185 12.6717 14.9396 20.4271 1931.8 
6.46396 10.2665 15.9855 20.9079 1575.69 


Individual: 27
12.8044 14.8367 22.9583 23.6102 998.947 
13.7658 11.8262 28.9143 18.3823 1638.33 
11.0965 6.77486 26.6534 24.6278 1021.03 
10.719 6.28735 21.4299 19.1803 1026.48 
8.89079 10.9751 14.8566 13.3644 666.244 
13.8786 13.2272 11.542 20.0852 1968.32 
7.75072 12.398 25.5767 17.5072 1186.06 
7.08547 11.0767 16.3415 15.5542 1135.44 
14.7313 8.67197 11.1111 15.7035 614.846 
13.2429 8.31029 19.1715 15.1036 501.772 
7.62374 14.993 16.5267 16.1397 2210.87 
12.0556 10.7786 18.6527 19.9358 1727.21 
10.4006 6.29709 26.7319 17.9163 2469.6 
5.05934 10.1528 19.6316 18.703 1420.47 
6.68783 10.8114 16.4163 16.451 609.957 
12.9542 6.00028 12.2412 16.8183 1918.69 
8.80644 8.79635 11.5706 21.196 1458.41 
14.3942 11.6453 11.9115 16.8229 1960.27 
9.06732 14.4541 11.3797 14.2509 1441.1 
6.78838 14.6017 11.5626 19.6934 680.858 
13.3923 11.4257 15.6735 18.9682 509.221 
10.396 11.3564 19.8586 24.9557 2401.48 
11.839 13.3152 23.6162 15.4813 1937.83 
5.99458 6.87466 11.0755 20.3868 1472.73 


Individual: 28
8.30872 9.67934 24.4372 22.412 675.501 
6.41467 13.9355 29.0599 16.8682 2046.42 
8.88032 8.39075 29.7705 19.5586 2303.49 
13.5122 9.06837 15.2658 13.995 1743.65 
14.4582 7.56064 20.258 22.0807 870.462 
12.8832 10.4126 29.9928 13.8417 1429.34 
5.23155 14.1367 21.0194 24.0867 1400.2 
13.2593 6.63216 29.7251 15.9333 1133.82 
14.882 13.7891 16.9529 23.0583 1759.58 
14.8072 8.59408 12.745 14.4517 727.956 
5.95045 9.38677 21.4602 17.3878 2486.64 
5.03347 6.99904 10.7387 20.097 2390.06 
10.1094 6.39176 28.2094 21.7073 1912.44 
8.25144 11.8395 26.5911 17.5903 1188.8 
12.0597 12.1634 23.973 16.7709 822.935 
5.86621 11.3374 21.6334 22.2427 930.303 
6.63468 7.01603 10.2324 14.7387 1316.11 
11.5867 11.0199 10.2894 16.3913 2173.19 
13.7051 11.2468 25.2123 15.3415 551.774 
11.9793 6.50724 28.1873 13.6012 1863.2 
7.45926 9.69619 19.1073 20.4927 560.642 
6.64599 8.08854 28.3791 15.1468 1937.63 
12.067 13.6581 19.9938 13.4435 1643.25 
7.08304 14.7289 10.9795 21.2841 1338.8 


Individual: 29
11.079 7.86334 29.1376 18.9101 608.91 
12.2719 13.1155 13.4677 16.8847 2165.57 
10.0541 12.6216 28.0048 19.297 700.24 
9.36775 10.5275 19.088 18.644 537.818 
14.2542 10.729 29.7529 20.4915 2303.27 
11.8869 9.16211 23.5238 23.9705 754.45 
7.92637 11.7143 11.3411 18.707 1486.03 
8.71282 10.5684 15.8543 13.6934 2486.41 
9.22012 6.84545 23.7585 13.3645 1207.7 
8.49265 6.70573 19.4902 21.8888 564.386 
10.6767 13.7568 21.9464 22.6563 1376.91 
8.77622 13.8029 21.6675 15.3396 971.732 
5.88543 8.37968 12.0921 18.8409 822.032 
10.9964 8.3037 10.9787 17.6881 1708.26 
11.7197 9.84282 27.5933 18.2439 1220.46 
5.91527 12.6502 11.4424 18.6386 2468.59 
10.7412 12.3346 28.4068 13.412 1329.57 
11.6511 14.9084 23.3198 18.4983 2300.03 
12.1797 13.3693 19.3059 20.5347 1161.16 
14.4049 8.54641 28.3983 23.2904 1600.73 
8.88989 14.8312 27.1171 14.2956 1521.18 
7.25272 13.8279 20.894 21.3503 658.102 
7.34019 14.4234 24.8067 16.4435 2393.89 
11.3849 6.75297 29.2165 23.789 1360.79 


Individual: 30
9.87039 6.6272 24.9434 18.8541 2394.02 
12.3226 7.25621 22.9058 23.4508 652.704 
13.5482 11.9649 17.6202 19.2513 1757.54 
14.6139 12.5932 10.0935 15.0101 1568.1 
6.65238 9.64382 24.2695 15.5852 954.587 
5.71033 10.329 14.6217 16.6918 1771.95 
14.5486 10.5362 15.8659 24.063 1600.12 
9.20357 13.8217 22.5262 14.1502 1843.55 
13.848 8.43122 15.1376 22.7229 720.097 
11.4597 11.3795 29.5589 17.7083 1502.49 
14.8113 11.7387 14.5688 14.3676 2353.2 
10.7076 7.70048 21.94 14.3466 589.151 
5.35409 7.69598 14.5573 16.9169 1459.28 
13.342 14.6254 27.7024 17.7446 1548.78 
9.68289 7.00788 17.0205 13.0786 1629.67 
5.4057 11.4778 10.3998 16.3941 1537.53 
13.4853 7.18472 14.8202 17.5418 1678.06 
8.49301 9.50259 12.9805 19.3799 1327.36 
13.2884 14.2508 15.6912 15.131 2497.17 
5.46917 11.3696 10.7365 14.4693 666.98 
8.32838 12.1465 21.6822 15.9725 879.62 
5.68114 8.62089 15.6195 19.8336 1574.23 
8.9238 10.49 16.384 13.8126 1270.87 
7.32956 6.7146 11.4728 19.2668 900.394 


Individual: 31
11.7654 8.71724 21.9467 21.5957 1662.66 
11.387 12.517 24.3202 18.6755 2366.27 
10.3856 13.2212 24.4739 17.9293 2342.05 
7.85457 14.6027 24.2223 13.6394 2181.87 
11.1458 12.3674 10.7427 16.4971 1038.78 
13.8436 7.05579 18.7571 16.162 1945.53 
8.91542 9.6671 16.2332 19.0962 874.723 
6.05394 10.3367 16.4474 16.676 2073.32 
14.1726 9.93835 21.2159 18.6961 870.978 
10.9546 9.43635 29.0659 21.7375 911.687 
6.26595 8.40747 11.0844 18.3325 1106.33 
10.3691 9.71153 12.7986 22.0342 827.358 
10.6391 11.0356 21.5789 20.4105 1233.12 
8.31063 11.1999 11.4992 24.1414 2054.52 
7.9572 9.01213 18.1389 13.114 1935.91 
12.7671 11.9524 24.434 24.2296 1903.01 
12.996 10.7997 14.8674 18.27 1017.49 
11.2338 9.45829 14.9647 22.9582 1834.58 
5.62063 6.93946 11.6723 20.4602 1513.15 
13.809 12.1225 12.328 14.1785 1630.76 
13.0576 9.80293 28.739 13.9638 1951.89 
13.7642 8.33136 11.1652 16.899 2493.18 
14.1436 14.4646 21.2282 19.7331 1455.83 
13.9492 6.7389 23.1186 18.1865 589.857 


Individual: 32
14.5393 6.07716 14.4421 21.1253 1478.98 
13.5139 12.7501 26.9596 20.6756 754.555 
6.3703 6.62116 16.6749 24.6418 2042.05 
12.6762 6.73266 18.8542 13 712.766 
13.816 7.31086 29.9212 19.2908 812.647 
10.3495 13.8957 23.6878 16.4274 1537.6 
10.2209 8.2099 18.1037 18.628 1258.06 
10.023 7.82367 25.985 20.3849 1111.11 
6.17784 11.6827 26.1609 13.3308 1319.33 
7.97863 12.099 18.1403 15.4953 676.292 
12.8681 7.06282 15.1555 19.5826 780.374 
14.0476 6.50138 10.8298 19.4449 651.495 
7.04969 8.57018 13.9272 23.981 2055.72 
12.5453 8.35326 13.3373 15.5878 1461.3 
13.434 6.83771 29.6134 18.4948 1330.1 
6.59427 7.4884 14.3011 18.9407 2304.02 
11.9975 11.6139 17.4442 17.6021 965.292 
7.58408 10.499 20.4962 17.9369 1626.4 
14.1732 8.40681 14.5139 21.6652 2029.8 
14.5236 8.93977 15.6917 19.1353 1603.35 
7.39101 10.9591 26.5642 22.9573 1140.51 
10.7391 13.2476 29.8809 18.9909 1787.54 
5.47419 11.4751 16.4849 13.6249 2283.69 
9.79939 13.0806 16.8972 22.2157 1101.54 


Individual: 33
6.6059 14.2443 14.6243 16.1094 756.033 
8.60151 12.6728 26.4451 16.867 1969.63 
5.60342 6.31348 14.729 17.8807 1072.67 
11.5798 12.9848 13.6636 17.0277 1222.13 
7.51289 10.861 13.4973 24.1211 948.786 
7.48266 11.2615 19.5277 21.509 1585.76 
9.36918 7.82649 20.6653 14.387 1234.41 
11.5914 10.5773 12.9072 15.7466 653.378 
12.2772 14.3034 25.188 20.8108 2352.39 
12.6151 6.3326 28.4861 13.4841 2473.11 
10.5828 12.3242 28.3749 16.4493 1438.34 
8.25828 10.9025 12.152 14.4695 839.769 
5.3916 11.7857 13.1651 14.2165 1534.54 
12.4632 6.61054 17.9824 16.1052 2172.79 
13.5319 6.28236 26.3778 16.3444 600.358 
13.5307 11.0416 15.6972 18.3727 929.269 
12.6409 13.0924 18.9684 20.649 1481.91 
10.9587 10.011 18.8221 22.3396 539.292 
7.46432 13.0849 25.0886 15.1606 757.447 
10.7892 13.7986 28.7239 17.314 2207.44 
13.7009 10.5496 17.0395 16.4443 1630.43 
8.48029 9.06737 12.2173 16.7582 1823.8 
10.8613 7.18745 12.8927 13.9617 1417.83 
13.8016 7.74122 26.3445 22.6129 2472.32 


Individual: 34
6.48948 9.53294 22.1755 18.9174 2364.46 
6.2509 6.29721 15.3836 22.7162 2413.58 
6.37481 6.42967 17.3375 13.2017 2256.91 
14.7457 9.40795 25.3336 15.8628 976.954 
12.5745 10.8055 29.2782 18.1511 873.723 
7.08342 11.4412 13.5092 21.5439 964.292 
12.0109 9.67573 15.6824 19.3739 1878.49 
8.13013 6.68541 26.8317 20.0677 673.167 
13.9367 14.234 28.6609 21.3088 1222.53 
14.3762 8.74906 14.4774 14.5587 508.766 
11.3193 13.3043 13.624 17.1614 1173.56 
11.8636 12.0175 22.4088 21.3162 748.38 
13.6043 6.14596 15.5415 13.1518 1128.88 
14.4764 9.76667 11.8472 17.971 1894.61 
14.504 11.529 29.6534 19.5298 711.901 
5.28099 13.2707 28.7312 16.5971 1279.59 
13.4714 8.97674 14.2409 24.1846 555 
8.77073 9.63781 26.5167 18.9368 886.807 
14.8667 6.8841 25.8822 20.9243 599.992 
11.9792 7.27539 28.7577 24.0055 2249.25 
14.034 9.81416 18.558 22.9017 862.264 
10.1681 8.08899 24.848 18.5854 1007.9 
7.42745 12.228 29.1541 24.2998 735.014 
6.26464 14.1255 26.2522 20.5752 827.397 


Individual: 35
7.98577 7.4569 22.6461 14.4112 1822.04 
5.89998 6.55951 10.2026 20.099 2234.42 
8.96747 7.43654 22.678 15.2837 1937.28 
13.0101 9.01378 14.6498 13.3044 842.273 
8.91761 7.27876 22.256 17.2424 516.807 
8.21529 8.61368 17.5143 22.392 730.339 
11.0322 10.734 20.7407 21.3376 2434.76 
9.77627 7.96496 16.9348 14.8767 2147.19 
7.99459 6.39412 10.1364 14.0097 1121.35 
5.52753 13.6444 23.9317 14.3119 1758.85 
8.64434 10.0092 27.5351 17.6512 1955.78 
12.9995 7.70416 18.5005 21.3105 2218.47 
14.2523 11.932 12.7634 16.9715 1514.91 
6.41226 6.29491 12.9869 18.009 848.528 
7.59329 9.0391 10.4219 15.0794 1906.95 
14.0362 6.46314 16.5892 17.8087 1802.5 
5.68658 11.7556 21.2169 16.8825 1836.43 
7.01062 13.3543 12.1508 14.3511 1913.35 
7.81596 6.46745 29.809 14.1367 1130.43 
8.86579 12.7872 14.3291 23.4286 1878.88 
6.53744 8.2195 14.3599 24.2804 624.849 
12.7175 12.2924 12.6448 14.6666 1984.15 
13.7828 10.3059 17.267 16.6443 1394.35 
11.3179 11.3277 20.2515 17.2474 1561.62 


Individual: 36
6.18583 7.48761 27.6232 13.3316 1160.89 
5.51646 9.80846 11.7814 18.9079 713.492 
7.10748 7.63864 18.6967 20.4883 656.218 
7.98514 7.0904 12.3102 22.2852 1263.53 
11.9102 13.0628 21.001 18.3807 771.74 
12.7949 9.45572 29.5871 16.8423 684.863 
5.42541 11.6574 29.8497 15.9143 2306.28 
11.1804 9.25831 21.9222 24.2988 1473.63 
14.6912 9.82089 12.3177 15.859 1457.74 
6.78653 10.6483 21.8166 24.9392 1728.75 
6.8271 8.62412 14.6588 15.6457 745.592 
13.0621 8.4672 15.3626 22.7518 1865.32 
7.56988 10.5433 20.3585 13.9514 1121.51 
11.5353 11.9918 10.7774 23.5856 522.373 
8.57331 8.01456 12.58 18.5423 1749.43 
8.85185 10.1166 12.8396 16.2788 1421.62 
7.0357 11.8294 19.2657 24.7986 2144.44 
5.44975 6.10739 20.8682 19.87 1817.07 
10.2784 7.18853 28.9105 16.1793 2351.1 
13.2563 6.45532 20.7456 16.1355 814.279 
6.40545 14.0768 10.1827 22.5078 2145.51 
12.2389 7.40975 29.6466 22.6123 659.774 
10.8036 11.2472 25.964 17.6108 1657.71 
10.2483 12.6595 10.8524 14.6675 2326.21 


Individual: 37
10.8551 10.0471 29.8144 21.4534 856.964 
5.92885 8.77029 17.6274 20.8727 830.014 
7.7672 12.1959 10.291 18.3693 1424.66 
5.24884 7.047 23.1494 13.2626 2094.07 
7.36972 10.8549 11.9692 13.7313 529.462 
12.4751 13.1619 14.4403 14.0238 1051.55 
5.47144 12.5863 28.3302 20.7275 1396.1 
14.46 14.3214 23.3165 14.7717 1725.66 
8.4336 11.3857 24.6746 18.5593 1087.48 
5.32268 6.36205 15.3593 16.7122 918.754 
9.49442 8.4831 24.6418 20.993 1870.65 
14.0871 6.98778 25.7768 23.0286 764.24 
12.8764 13.5307 10.7595 22.4607 1225.75 
11.5726 11.7374 25.5727 23.7933 2397.61 
6.46746 7.82681 29.8825 17.4834 844.289 
7.87669 11.7345 20.2619 20.6746 1989.31 
6.98694 14.7427 13.8369 18.9216 1892.03 
8.9849 8.29634 16.5918 15.6724 1454.54 
7.20147 14.6173 15.5538 15.4076 1679.71 
10.125 9.62127 13.7167 21.4284 1406.72 
5.37124 13.0625 11.7101 18.8238 2075.22 
5.3718 7.19757 11.8084 24.9063 1050.97 
7.21948 11.9245 22.1586 20.4612 1433.08 
13.8626 14.1992 25.7115 23.7577 511.538 


Individual: 38
8.61886 9.34389 13.5718 21.7539 1582.97 
12.6208 10.9581 21.2923 23.5587 976.491 
5.98931 13.3243 11.3443 19.5207 624.28 
5.16181 10.6731 29.5466 20.3836 549.566 
14.2044 7.57432 12.9777 19.381 1455.33 
8.19954 8.75007 21.3764 15.6857 634.153 
10.1593 14.4814 18.5915 19.076 1758.63 
6.57805 13.8468 14.6489 22.1613 1300.61 
8.47177 9.22069 21.7102 19.8407 1074.72 
10.6682 8.58663 13.3992 23.6737 1838.81 
8.72001 9.20298 14.784 15.7951 2000.78 
9.48829 6.30579 11.4286 21.3854 736.485 
9.07328 12.5279 21.9777 21.5891 2353.2 
7.46433 10.6866 11.8778 19.0576 1295.22 
6.19946 14.8587 14.3777 17.373 2344.06 
7.86228 12.6115 13.7277 14.5881 1868.28 
11.6572 12.513 25.1599 14.6572 2033.53 
12.9953 9.39925 24.1604 16.9644 1713.67 
5.11441 12.5829 24.0605 22.2822 788.87 
12.9469 12.6159 24.3266 22.3075 977.516 
11.6613 11.8928 14.9031 17.0016 676.773 
10.0954 10.2394 25.819 16.3209 806.859 
14.9176 7.92152 12.8079 16.5406 1602.07 
13.8042 14.0162 12.9738 14.3177 1991.41 


Individual: 39
11.1859 12.6576 24.3492 17.8092 797.313 
5.07682 7.98853 11.2522 13.3875 800.881 
8.01969 14.3098 10.4468 14.5971 2122.76 
9.49438 10.8177 26.192 16.3364 1990.82 
13.6078 7.1087 28.219 14.89 1425.17 
9.17967 12.1667 29.463 17.2981 738.704 
5.31748 10.6275 24.6896 16.102 563.846 
12.025 7.7178 27.237 13.2805 1326.35 
11.5753 12.6165 26.8867 24.2428 1349.01 
9.13817 13.308 13.5358 15.9118 692.27 
7.94775 12.1088 12.4529 20.6396 789.97 
13.6242 6.21977 21.6671 19.486 863.566 
12.3424 8.12685 12.8439 17.5125 1126.8 
9.27086 7.54023 24.011 21.3051 1250.07 
10.1736 7.30275 10.5063 24.8675 1973.04 
9.59235 9.4983 25.6543 23.9637 1043.71 
7.92779 6.11494 11.6737 24.7718 561.224 
10.2105 9.71137 17.5854 16.2247 1773.6 
9.52212 10.1694 14.894 13.7818 1620.31 
6.95304 11.3878 24.0942 14.699 1750.19 
9.13246 8.08964 15.5004 14.0687 805.556 
5.57105 13.2242 12.3618 18.0619 1565.85 
6.05537 8.69084 23.316 19.384 1384.9 
10.8012 12.0327 14.2521 21.81 1467.81 


Individual: 40
14.8105 6.73257 13.2778 16.3261 972.636 
7.40121 6.69085 15.6723 20.8821 2443.53 
11.1501 7.18191 19.5822 23.0865 849.489 
10.7405 12.6578 17.3254 22.593 2040.38 
6.94719 9.73253 29.354 22.3889 1290.48 
6.15301 7.29678 22.3562 18.1675 2244.3 
13.9873 12.4908 25.9871 23.2283 1241.71 
5.31733 9.09633 14.742 17.216 1900.44 
7.62931 12.0816 27.0313 24.9452 778.269 
9.69199 11.1078 21.7001 13.0133 1083.1 
12.2743 14.3144 10.9434 24.0055 516.85 
9.9002 12.032 18.1677 13.9249 1309.67 
5.47873 6.10694 14.8303 24.776 2084.95 
8.68392 13.9373 29.4719 20.2792 1093.22 
14.1254 9.34923 11.1565 18.1225 1751.71 
14.0335 7.63183 22.9636 23.6406 1527.55 
9.94968 9.51129 23.7964 17.4409 672.75 
5.75443 13.0862 10.2556 14.2485 1522.88 
13.6795 7.98814 13.3878 16.8387 2260.4 
12.2309 6.05904 13.6729 21.7751 592.638 
11.0421 14.6271 15.8583 15.4238 1007.32 
6.57166 6.78784 29.6358 22.8549 1917.3 
13.2895 12.2617 27.5658 24.8338 1297.35 
12.9616 10.4154 11.8355 14.3817 637.816 


Individual: 41
7.99379 14.2323 27.1686 20.5329 2175.54 
5.17261 7.67508 28.1839 14.8476 2239.72 
8.20489 9.98355 26.0991 13.9742 2284.32 
9.48516 8.35269 13.9399 20.9381 1936.33 
13.1618 10.1129 26.4711 19.9509 1818.63 
10.8254 10.8568 11.1572 15.2432 512.244 
13.1492 7.62739 24.9213 15.422 1004.03 
6.56052 10.9655 19.6451 19.0218 1518.57 
6.4543 9.78204 14.3757 22.5894 1447.85 
11.749 6.61124 19.4125 17.1721 1619.62 
6.69613 7.17302 16.5664 22.9712 547.279 
13.7126 11.6794 20.3027 13.062 1109.21 
10.1582 7.58965 19.3621 24.52 616.251 
11.3958 12.8279 11.9961 13.9777 1746.1 
9.20157 11.8791 13.4398 17.8812 1502.47 
5.87495 10.2315 13.8516 14.2828 2444.98 
8.15631 8.39452 15.5002 21.4172 2407.84 
8.69927 7.09456 15.3068 16.5233 1218.48 
13.5103 8.83237 25.9841 22.6655 1947.13 
13.8108 10.5364 13.6103 22.8218 1377.99 
5.92005 6.2693 19.6813 19.5558 2431.03 
9.33181 12.1756 28.8842 17.3188 1689.41 
5.91708 6.41463 12.1381 14.4744 1337.95 
8.02155 8.54124 10.1062 17.6486 1325.45 


Individual: 42
12.3974 7.26088 13.6892 23.4413 2241.09 
10.0787 7.26236 29.0718 20.078 555.03 
7.04816 10.1228 10.2132 17.8468 1421.04 
14.1114 9.62983 18.2294 15.2182 1768.81 
8.20789 9.5122 20.3568 15.6372 1562.3 
7.96449 7.67516 10.3515 13.5042 2442.03 
12.8945 10.8934 14.2431 14.6632 639.018 
9.64159 6.71771 16.2526 15.6262 2413.89 
9.47147 9.1255 10.2359 15.6371 2346.71 
9.86905 12.7636 23.8632 23.8849 1186.62 
9.60074 13.155 25.8485 24.9968 945.157 
10.2039 13.4194 24.3917 16.2415 1783.9 
6.54281 14.336 25.9572 15.9551 577.273 
13.7456 10.5084 20.7173 22.0433 1754.79 
8.38439 7.61505 19.9373 21.0194 717.935 
8.80178 6.47649 22.1256 16.7103 808.633 
12.7241 10.7783 10.6012 24.1028 2211.86 
13.9594 13.1143 12.4634 18.0765 2379.99 
5.75698 13.9441 23.576 18.557 2395.1 
13.6464 6.756 25.5791 22.4957 628.709 
6.67468 13.9077 18.4852 15.4396 1296.95 
13.3022 10.232 14.1286 16.7438 1835.94 
12.1251 10.7236 29.6853 18.591 508.919 
12.1084 7.53893 12.3822 14.5529 2335.85 


Individual: 43
12.3925 9.21759 21.0773 14.0467 2416.64 
7.61691 7.29235 20.1785 21.7991 1548.01 
6.25727 6.29084 27.3555 22.3822 2135.11 
7.37753 14.1748 10.5286 17.4459 2227.33 
13.881 11.2272 17.0554 23.0681 601.647 
7.18941 13.6385 22.1975 24.3333 696.9 
11.9957 7.39732 14.9739 18.5222 908.655 
9.63823 7.71665 20.8029 16.3172 1755.83 
8.33788 8.63594 28.7871 23.0431 512.725 
7.93992 6.34557 17.504 13.4652 2193.89 
5.71649 10.5299 20.4545 23.8933 1535.96 
14.9197 13.3918 17.316 14.7695 1215.33 
13.1868 13.5411 11.7462 18.5201 1126.83 
6.75857 6.28426 12.5645 24.1323 1267.8 
5.54713 12.8541 16.9255 21.6958 2241.91 
11.2139 8.88018 24.5927 13.1413 1347.05 
9.66667 11.3461 27.8276 18.064 2209.76 
11.4287 12.0791 22.0174 24.8442 2128.64 
14.4555 7.13272 29.6453 15.6358 1600.92 
6.31918 8.00006 11.9881 16.3739 1427.92 
9.08666 6.60438 20.8996 18.3917 1651.37 
11.8958 6.6934 12.4993 15.1043 1771.34 
10.6485 14.7707 15.4456 18.5595 1668.53 
12.494 10.3936 19.1687 13.2616 2007.59 


Individual: 44
7.13587 8.30752 22.9384 18.9024 1977.56 
7.71756 13.7584 14.7441 16.6076 1689.34 
6.24787 11.5952 18.6491 16.4258 509.87 
10.653 9.77908 18.4365 22.7575 1418.25 
11.426 9.50233 13.0091 22.8078 846.276 
6.68606 9.7335 19.8027 24.6362 2080.75 
5.77536 14.6702 15.3879 13.336 1050.08 
10.6947 11.0248 25.6004 21.435 1583.58 
13.5323 14.8172 12.4066 18.4808 1609.99 
11.438 7.49842 14.1192 23.5574 746.194 
9.37991 7.72761 19.4176 24.4963 1302.37 
9.03507 13.1301 17.1051 16.8474 1204.01 
7.18214 8.98288 13.854 18.5669 676.723 
8.78324 14.5727 22.2141 15.3147 783.233 
11.3729 9.94492 24.1589 20.93 2147.84 
13.4708 8.84529 10.3882 23.9572 1842.31 
12.0909 8.03388 16.1439 24.041 2128.96 
12.4888 11.9745 22.6005 17.4337 2419.32 
13.9951 10.7666 25.5638 19.388 2088.79 
11.3586 14.2785 28.3857 13.7016 1178.08 
5.27305 11.6502 27.6274 20.609 2162.47 
9.80238 6.25185 11.3808 16.955 2075.22 
13.8361 10.371 23.0282 17.3207 2217.93 
9.5485 7.86948 20.7895 23.7475 613.233 


Individual: 45
9.50595 6.62958 18.6544 18.1743 2448.85 
11.8991 14.0373 17.1781 14.7896 1140.19 
8.20846 6.5394 24.1965 14.7464 798.155 
8.13307 14.1709 23.971 18.1225 2431.91 
9.90032 6.41062 22.5385 13.0866 1434.29 
5.23589 9.95034 16.6177 14.8244 2269.05 
6.93813 11.9032 11.2725 14.0826 514.563 
5.35066 11.7973 16.4778 18.1525 1041.39 
14.1618 8.21782 28.0527 14.7034 1476.79 
9.86912 7.3556 16.4337 13.8139 1022.47 
7.62608 6.16306 28.9814 14.0682 950.36 
10.5028 11.6256 19.7044 13.0087 2032.92 
7.09793 10.4137 21.2824 24.361 1252.61 
13.582 12.5199 14.0084 21.4106 2172.81 
9.30869 13.0349 21.6946 21.7882 2268.83 
6.0651 11.8928 28.7497 24.6556 1700.58 
14.9081 11.9393 13.7795 17.8968 987.169 
13.2176 6.21856 28.7118 20.7217 1292.72 
11.9095 6.84243 16.2186 15.7 964.971 
5.45264 6.54662 10.5909 15.2256 2110.41 
7.85311 12.0992 29.9926 23.6779 1401.13 
7.80281 7.7969 15.9951 22.229 682.964 
9.02927 11.2554 10.0089 13.0188 1020.37 
12.9969 6.70066 29.9237 15.5829 1120.42 


Individual: 46
12.2843 9.06566 11.5222 17.769 2076.06 
8.79003 6.30632 20.8633 19.1075 2294.03 
6.76521 8.68372 13.1505 19.2037 1284.14 
5.41769 14.1359 27.2416 15.8646 1460.95 
9.12432 14.1333 19.5969 15.2436 1229.3 
10.4557 10.6503 27.439 19 1184.87 
9.25393 8.85842 17.5875 19.6881 2432.77 
9.7047 8.6841 20.5634 20.6651 898.571 
12.0227 7.61011 11.2217 17.2872 2203.93 
8.6058 6.05101 22.0136 22.9936 1739.11 
5.46968 13.5586 27.2479 16.1734 1224.23 
5.16054 11.6128 28.922 13.3542 1037.41 
12.7684 9.07684 10.0758 20.6177 1086.74 
11.961 14.3829 26.5193 13.0934 2240.88 
9.09784 7.3972 26.8423 13.8523 1520.11 
5.74393 14.0288 11.9619 13.0801 1783.21 
5.74424 10.4106 16.6013 22.5639 1755.78 
11.0354 6.99547 25.0807 21.3286 627.352 
11.6122 10.32 24.2348 22.2043 2032.13 
8.63428 7.46944 19.3456 21.7824 722.836 
9.94884 12.2128 10.6356 24.7954 2365.63 
9.24 6.50252 16.567 19.7631 1007.79 
7.51368 8.53593 23.9487 16.8662 1563.02 
7.49432 13.8432 20.551 21.52 706.077 


Individual: 47
9.52987 8.82235 14.4335 19.7853 1105.04 
5.54862 9.43505 14.5852 17.8796 608.52 
14.0736 10.5163 26.1464 23.0933 588.11 
12.6436 7.08827 14.8856 13.6568 1979.71 
9.09147 11.486 18.26 18.0225 1059.41 
14.1379 11.8243 27.4301 19.8226 2494.47 
8.20988 10.5237 17.0035 23.9749 1983.48 
7.41429 7.10429 13.8275 21.3451 960.138 
5.24246 6.7131 17.3856 22.7575 588.238 
7.97293 6.09083 13.9833 23.1385 2165.44 
5.60595 11.0009 25.9437 13.0564 1455.39 
12.9885 8.11734 11.7793 14.5755 1447.09 
6.85285 12.2522 10.7226 20.9783 1773.64 
11.7694 7.94665 18.813 24.0707 721.076 
11.01 8.00519 17.659 14.7875 558.917 
5.97545 11.3789 14.8828 13.0194 2334.31 
13.8606 8.82651 21.6453 13.4132 580.72 
9.50257 12.8731 20.7964 15.6267 2324.71 
9.73761 10.768 26.9953 22.6015 2215.39 
7.2256 10.2266 12.3034 13.2556 1904.96 
13.062 6.37916 17.5263 15.2443 966.929 
9.02316 11.7386 12.9886 16.5821 1766.82 
12.0579 8.83029 16.2335 23.6567 1254.84 
7.46889 7.97801 25.1208 22.1817 1238.75 


Individual: 48
12.8707 7.68997 13.8538 14.8556 706.717 
7.43233 14.7792 27.3486 15.7344 891.111 
10.9159 13.6727 25.6327 20.5194 1002.09 
7.08106 9.17369 19.5178 14.6177 1753.32 
12.9641 13.5183 22.1728 13.8019 932.561 
11.3202 7.09325 18.4718 15.2128 2232.79 
9.16698 8.65817 10.4832 17.795 1751.76 
8.84897 10.5646 29.173 19.0695 2440.02 
7.73741 7.25933 24.1313 18.1559 1139.63 
14.8521 6.50872 10.9617 24.8539 842.013 
12.2186 7.11727 19.1838 15.1031 661.557 
12.5966 6.15666 24.9987 15.1267 550.261 
7.22937 14.0628 16.615 15.799 919.677 
8.33895 8.14513 13.7016 13.9085 1512.55 
12.2249 13.6235 22.4404 14.4611 939.769 
5.86224 8.05364 12.1387 18.2465 2424.47 
8.26829 7.38001 18.6147 22.038 1325 
7.27256 11.9488 10.2681 18.6068 681.158 
8.34837 6.28743 29.6482 23.1829 756.466 
8.61929 7.09677 24.0598 24.0097 836.235 
5.56581 13.8184 15.5346 22.4558 2351 
10.6769 12.7112 12.2194 13.2261 549.633 
11.7098 10.05 16.992 13.8539 1448.55 
12.2285 13.8943 17.0987 22.5937 1008.01 


Individual: 49
9.04969 7.24022 10.3778 22.9441 768.818 
6.56593 11.6245 17.1722 21.6786 1864.82 
11.1134 6.06961 28.27 15.6667 1588.75 
7.90495 6.60974 17.5574 17.1436 1432.85 
6.82269 7.36696 17.2649 19.2478 630.146 
8.44275 14.4976 27.4729 23.6741 2171.66 
7.42741 12.2633 21.9755 13.3925 1408.91 
13.3551 6.49241 12.0938 17.1339 982.562 
10.2877 10.5676 14.384 13.2241 1535.05 
12.3907 12.6189 17.5363 21.2488 1451.64 
11.7402 10.2966 25.6583 16.4536 1649.58 
12.5884 8.57889 26.0898 24.1852 1908.02 
7.82089 9.29101 18.1136 16.519 553.232 
11.3212 11.5078 20.9109 22.3316 2370.32 
11.1299 9.3162 19.6974 22.7086 529.918 
6.03758 6.92938 14.8827 18.015 928.765 
8.39482 6.41213 16.2481 16.398 1332.9 
8.29215 7.22048 12.6514 23.0465 1623.84 
6.46758 8.35825 25.6951 16.9456 886.79 
8.28659 11.246 26.697 18.656 1651.01 
14.0285 10.7563 17.4944 13.5587 1915.66 
10.3145 10.5288 22.3029 13.0212 1286.19 
6.3659 6.75753 27.1738 24.2067 1812.05 
14.5438 11.2956 18.6825 20.0523 729.091 


Individual: 50
8.41248 14.6143 27.8101 13.2518 2084.68 
5.83015 13.3337 23.6443 18.5074 1150.43 
11.9514 14.3667 10.4549 16.8932 641.466 
9.75299 7.13464 19.2615 20.7286 2491.29 
14.7738 11.0215 14.6496 18.1208 1572.92 
6.6329 7.07914 13.3494 24.1191 764.469 
7.06349 11.2661 18.6774 23.2554 1735.79 
7.49938 12.0998 20.2614 21.6905 759.276 
7.49649 11.2786 20.1471 21.6451 1691.65 
13.6278 11.4773 23.7881 18.1238 1222.28 
11.4388 13.7143 16.7192 15.8764 1070.79 
12.0558 14.9758 14.6247 15.517 549.888 
7.27051 9.48257 19.9633 18.2981 636.843 
9.4432 13.0062 10.8978 20.762 1305.03 
10.0276 12.8465 12.7531 20.4868 1503.69 
5.46119 13.4994 27.9851 21.8825 601.391 
9.41548 7.77727 14.8331 15.4617 744.489 
7.46254 6.43039 15.9108 19.7709 2173.79 
6.15329 6.02369 14.3052 19.9158 1900.32 
10.7407 12.0813 19.7892 14.2848 1013.49 
12.337 12.2664 23.8922 19.577 868.598 
13.2191 14.7677 10.4798 18.0228 1029.15 
7.81001 6.66071 12.4249 22.8681 1772.36 
8.13527 8.70638 22.1627 23.9424 1298.12 


Individual: 51
14.3666 6.72079 19.7586 19.369 2199.41 
8.60376 9.17211 22.4073 15.5483 658.926 
13.3889 9.27028 13.7303 18.7491 1727.03 
11.9261 14.6095 29.3735 20.1282 1619.04 
7.97119 14.1578 11.7024 18.7796 1788.71 
13.7947 6.09444 27.6799 18.7319 715.621 
13.2651 14.4391 11.2888 15.5096 2428 
9.10436 8.38904 16.2334 16.2496 2296.24 
11.2767 12.7496 10.3138 16.3406 1325.09 
7.05628 12.8624 12.3892 14.2903 1735.43 
14.4284 7.4914 26.6955 17.2745 2283.02 
5.23194 13.8718 23.0846 13.0612 1181.61 
14.8391 14.263 18.5661 22.9752 1083.63 
10.0029 14.6252 10.9536 20.4459 2253.37 
7.66084 14.7372 11.2087 17.5313 526.301 
5.94145 10.5034 25.0061 22.6672 839.999 
13.6106 9.24419 17.5045 21.7302 1315.44 
10.5813 6.87031 18.5324 18.4188 1424.58 
12.8011 7.33505 25.6668 15.5559 1523.21 
9.56167 10.5982 14.5601 19.0078 1765.11 
8.24015 9.87592 15.3201 21.9424 1793.43 
8.2683 6.15764 21.2029 18.6118 1937.9 
14.5523 12.1116 15.0865 19.5782 1424.54 
5.36601 6.91598 14.4601 17.1186 1783.78 


Individual: 52
5.33647 14.2516 21.2986 22.7078 1968.51 
11.6539 11.2484 29.814 17.0123 2216.67 
6.1114 8.94653 24.711 24.8256 1353.94 
6.19988 6.52881 11.4291 13.8283 1197.26 
9.02989 8.80685 10.2355 16.3568 1659.86 
6.59139 13.5888 14.2904 17.5758 574.907 
12.6883 12.1846 16.2002 17.4748 1067.72 
8.51216 6.85268 10.2205 13.4042 625.546 
5.06873 12.1834 14.5791 22.9632 2313.92 
6.26022 13.4473 11.1543 21.6513 846.497 
9.63929 6.01178 27.2392 20.4754 1919.64 
14.3681 11.2751 23.8726 16.3401 1253.61 
5.82065 10.0766 11.2749 20.6532 1369.46 
12.086 6.68417 19.1343 17.2039 2237.05 
13.6567 14.6158 16.1813 24.3038 1596.68 
8.40804 12.7284 12.9209 20.1608 690.799 
9.46413 8.90482 21.2704 23.3027 763.365 
7.63867 6.99046 11.0867 13.7344 1326.73 
5.89894 6.37912 18.68 21.2798 1510.94 
8.94272 7.97059 23.4304 22.7027 877.644 
8.75498 11.0122 11.55 23.3985 1454.45 
12.5718 12.4635 16.3682 20.0129 2346.46 
6.5573 8.69792 13.2184 14.8041 834.904 
12.9437 11.5827 15.7879 13.4186 1628.02 


Individual: 53
5.05197 9.69197 28.5612 19.2422 1531.29 
6.44578 7.38701 20.9478 15.6236 712.145 
6.16811 11.0025 11.1131 20.3475 1011.66 
6.48657 7.11837 20.6827 20.0106 2360.53 
6.39068 13.6286 23.5943 19.5117 767.532 
14.9205 13.1129 29.3293 23.5058 1214.47 
5.87914 8.42185 15.3266 23.6868 511.838 
5.99763 14.1432 15.6506 14.3548 1984.88 
10.7143 10.9419 15.4139 15.7377 1642.38 
11.1294 9.88394 14.8888 18.5745 564.992 
11.6165 14.7542 16.9108 18.7272 2355.32 
8.82374 6.9246 18.5744 14.0705 567.942 
10.6547 11.9885 13.8255 23.5326 934.157 
14.3698 9.23678 22.5845 19.1541 1141.24 
14.4025 8.1824 29.659 15.8976 2222.94 
5.76981 11.8896 24.9572 18.7595 1539.3 
13.8416 6.87986 13.4413 14.9623 1287.75 
13.9773 6.81553 13.2877 21.4663 2156.6 
8.912 12.8079 19.5223 14.066 1998.17 
13.8866 9.54783 18.4554 17.6386 1975.59 
11.3163 9.37056 26.9022 19.0659 2332.47 
11.7078 6.16354 15.3846 24.5677 2448.51 
8.4208 13.2247 20.4769 24.4246 1347.48 
13.5714 12.1205 11.0837 15.9977 2093.95 


Individual: 54
6.04438 10.062 25.4697 23.8988 651.892 
8.15477 11.2571 16.1497 21.7668 2058.44 
7.75659 12.3764 11.5529 17.1375 955.062 
9.85029 10.6963 28.2043 16.1093 2117.27 
13.4817 12.8341 11.5999 22.7683 763.244 
9.6793 9.45325 17.5584 15.3569 858.68 
8.8533 11.8454 11.8031 18.1168 1395.73 
14.8396 9.84376 11.5412 23.4632 1965.26 
8.57592 7.39177 27.4187 21.6987 1702.36 
14.7374 9.43963 14.609 14.3219 2268.94 
11.6455 11.821 15.2728 22.6023 1853.22 
7.61907 6.07736 13.4754 23.0642 2419.87 
8.85168 10.838 11.2618 16.9033 1927.63 
8.8961 9.70754 24.4385 13.3553 2394.01 
11.0873 13.1099 13.8116 16.6014 1495.39 
7.42335 12.8225 11.051 17.4361 2111.81 
14.9859 6.1642 13.9199 22.2151 1232.69 
11.3105 11.0628 24.8787 21.4369 2422.23 
5.71932 7.68546 29.6466 14.2455 2238.17 
9.48803 10.738 15.3189 21.2548 818.275 
10.1702 11.6206 20.3369 18.6186 1885.19 
6.35753 9.00193 16.8544 13.36 1218.24 
13.3412 11.7108 16.7572 17.2528 1669.15 
10.8403 7.99145 22.9152 22.8964 1764.15 


Individual: 55
8.8733 11.8284 19.2005 15.6823 1570.06 
13.9497 13.2052 11.4671 24.9158 2064.07 
12.3318 10.2337 21.1229 22.8968 1339.2 
13.6837 13.1624 11.673 18.6509 579.145 
5.54354 10.771 12.2257 16.2689 1685.4 
5.05569 7.33152 22.0855 23.1631 561.027 
7.23042 10.0161 26.0034 14.9189 2301.23 
6.39997 10.5681 21.4178 20.7029 1242.93 
12.4099 6.50078 26.4331 17.6493 1444.56 
8.05451 10.9374 15.6043 16.7001 2460.74 
7.46616 11.6376 26.6566 21.0305 1695.66 
5.15388 7.49914 13.8107 17.1608 1165.9 
5.13329 11.6846 17.0957 24.6622 1440.51 
7.3945 13.6981 23.9824 24.9763 780.24 
5.72543 13.5576 21.7193 17.7043 2388.4 
14.1844 9.78704 14.5037 17.3757 1239.01 
8.92131 8.22367 19.0436 13.8573 2006.53 
6.93114 10.8385 19.8822 18.452 688.973 
13.8977 11.198 19.866 20.0833 511.607 
5.95651 11.435 11.7215 24.2531 1882.25 
12.883 14.3722 20.2989 22.4489 981.83 
10.3229 8.66336 10.8414 14.9093 2033.19 
13.6525 10.0662 14.2446 16.8817 1257.61 
8.00266 7.15021 14.0369 19.2006 2414.75 


Individual: 56
7.77519 8.29752 12.3095 22.0789 699.449 
6.52266 6.38381 24.5261 23.7399 1886.74 
10.7779 13.9599 28.6312 13.5483 672.047 
6.91595 13.3807 15.0407 19.4705 1007.38 
11.3765 11.1783 23.0782 19.0297 2397.42 
5.7602 7.39494 14.685 17.416 1602.1 
11.8832 8.42275 26.4064 23.9482 2033.46 
12.5733 8.62263 26.7948 14.7796 1796.2 
6.41797 7.06569 24.5179 15.1687 1875.53 
7.93354 6.54718 11.7845 13.0516 1488.42 
7.63619 13.2394 24.4182 20.3012 1725.49 
11.4117 12.9205 15.2214 18.0763 1802.09 
11.4542 11.943 22.1246 17.6575 2336.19 
14.2008 6.36625 14.4506 14.3928 1587.33 
9.93892 6.38886 22.291 17.3494 1242.53 
8.77879 14.3824 20.968 21.9742 1465.9 
8.48353 6.49482 10.0597 19.951 2379.64 
7.32921 12.5017 18.2439 20.3695 1178.56 
10.0591 8.81115 28.9393 20.9205 1646.57 
6.75045 13.9205 26.0514 21.8201 1352.02 
12.7389 11.0742 20.8353 13.6506 1576.52 
10.7714 11.433 10.8362 15.8322 1735.03 
14.0918 7.49523 20.5851 15.1448 1278.86 
7.33914 11.51 11.0064 15.384 563.246 


Individual: 57
12.5125 8.86606 15.5916 20.8229 1938.99 
9.71908 12.1497 12.4926 23.2756 1342.17 
6.95704 10.8177 10.7828 20.6721 894.113 
7.40618 6.26229 20.2902 19.0357 1676.61 
14.8772 7.12698 26.108 15.3906 533.322 
10.7199 7.58892 20.0102 18.6598 1305.86 
14.9645 14.695 11.6723 15.4468 2011.97 
8.83839 7.4439 17.076 21.5799 1705.51 
9.62922 7.68618 22.8118 13.195 1.#INF 
6.50676 7.00398 16.3427 22.113 1291.95 
14.198 9.4101 24.1805 22.0923 2331.14 
9.02924 8.70548 11.655 13.8134 630.92 
6.6623 13.6665 27.7961 15.1569 1122.11 
7.42735 8.05054 26.5833 23.7524 1116.83 
6.46976 6.64218 17.9009 18.8305 1027.16 
12.2284 13.9745 20.8573 17.6284 2203.9 
9.07163 8.782 24.915 21.0761 1475.11 
13.7388 14.8744 19.8141 20.9872 2036.21 
13.7987 13.472 23.2417 24.1209 636.587 
6.42487 9.59807 17.4583 24.0629 1687.43 
5.80808 9.23232 10.3867 16.7036 1804.76 
7.27193 6.5651 12.4118 18.0271 1138.7 
10.9873 13.2439 25.1108 14.3253 2027.39 
13.1816 11.7135 28.603 14.9477 2007.96 


Individual: 58
6.19244 12.7424 11.0077 20.3089 1018.37 
14.7318 8.15451 14.3054 19.0712 542.693 
10.9758 6.75034 14.9752 23.9005 2446.59 
11.2762 7.75792 14.4684 24.1299 1842.89 
7.17493 6.56874 19.1283 24.1657 1596.34 
10.5753 7.06636 15.4263 22.2581 1649.75 
12.3332 6.78796 28.605 18.5241 1369.51 
5.32198 8.60379 21.0713 16.9933 2274.98 
11.6524 10.5255 22.1967 15.1748 2322.98 
5.16463 7.5745 10.5518 13.4741 586.042 
13.8266 14.7609 20.4694 14.5063 1120.8 
5.17326 10.1605 22.7386 20.4989 1552.32 
11.0193 8.42904 16.9423 13.7658 1192.24 
10.634 7.18525 17.2729 14.7293 936.565 
5.10565 12.6282 29.0338 19.3721 772.41 
5.13308 8.61698 17.0661 15.6736 1678.12 
5.9329 6.7208 25.2114 14.9356 721.993 
6.11013 10.9512 21.1076 14.3414 964.83 
6.02639 7.99713 13.0253 20.8823 1202.56 
12.0889 14.3874 27.6788 13.3192 1457.09 
7.95524 11.3155 12.5461 16.1453 1790.14 
14.8975 10.2788 27.6389 16.7369 1577.84 
7.0284 8.26592 22.0659 21.6305 2249.37 
5.68421 12.6872 13.3821 23.9131 1487.32 


Individual: 59
11.411 14.7301 12.924 17.6333 1861.86 
13.6754 9.5184 13.5305 13.6846 762.724 
14.8139 13.706 23.1369 21.3131 944.109 
5.53709 11.4213 22.7752 24.2602 1077.35 
10.0023 10.6572 23.4206 20.542 2355.18 
8.4853 8.41278 11.389 13.3577 1490.27 
9.65724 13.6745 23.6712 16.8512 1996.7 
13.0461 12.0194 12.8049 23.9853 1537.11 
7.26804 11.081 12.0829 14.8864 905.544 
13.7712 13.3147 23.3754 14.6614 1926.93 
11.0641 6.3448 16.4883 18.5704 688.506 
5.71358 10.8791 16.7072 21.0175 1980.74 
13.4097 12.6483 19.3966 18.1668 763.423 
5.21971 8.10442 26.5935 19.4072 719.391 
10.1302 14.0371 17.2185 16.2756 1321.59 
8.50932 9.80956 17.0345 13.1114 1909.13 
7.51599 10.4026 10.341 23.9222 1345.43 
5.32131 10.6004 23.9577 20.3027 2140.58 
6.66621 12.7812 24.0089 17.2824 1416.36 
14.8132 8.19465 15.9034 18.1558 656.78 
6.65429 6.48063 15.645 22.1172 1003.46 
10.6446 13.12 12.4048 24.673 984.059 
9.25968 12.1605 18.8722 13.5368 2256.41 
6.31985 11.6151 19.0262 14.5258 2230.34 


Individual: 60
8.71679 9.12911 14.1134 17.2921 949.414 
14.8476 11.7722 15.316 17.0902 2012.81 
9.37319 6.93009 15.282 14.124 631.386 
5.28489 7.38536 27.8509 16.8632 681.621 
6.7402 9.95678 15.2882 17.624 1202.41 
9.29494 10.8015 26.1569 14.5214 1226.93 
8.3945 6.88994 19.0903 17.25 1623.14 
11.3178 13.6281 29.2654 22.2006 835.78 
9.37438 7.84985 14.2284 20.6093 2369.52 
7.74955 7.56193 25.8993 21.192 935.86 
7.143 7.39641 11.0292 16.2825 1228.77 
9.12308 9.3389 16.5871 16.3365 598.065 
7.75164 10.214 16.1243 15.8192 558.956 
6.78281 6.70963 14.3111 24.3893 2387.1 
5.43653 7.43287 16.5897 19.8965 1856.28 
9.27745 13.9978 17.3624 20.3051 1939.58 
11.2487 7.69041 21.5199 16.6494 1264.97 
11.7554 8.96567 11.9282 21.4903 2391.86 
5.49282 8.17018 12.0133 20.7904 516.32 
14.6949 11.8649 17.9673 17.0883 663.168 
11.9311 8.36016 15.1858 20.3737 1535.38 
8.97257 12.4485 12.9397 14.5856 1199.31 
8.45786 11.9688 16.7191 20.8252 2185.33 
9.2824 7.35272 22.9155 15.0287 2183.86 


Individual: 61
5.44811 9.52268 22.9578 19.5872 1131.83 
10.0948 12.4677 20.8546 13.1944 1187.47 
9.39072 6.26608 25.4044 21.7819 1591.22 
7.3686 6.82466 19.5604 17.6568 1519.18 
8.92746 13.24 12.3798 18.0914 650.077 
10.9309 8.52586 22.0282 19.1186 1836.64 
8.85244 13.536 28.7903 15.8305 2029.08 
9.60687 7.80128 24.5755 15.716 950.269 
14.088 8.86438 15.3716 21.9535 1113.52 
8.71423 14.8232 22.4747 19.6011 2426.64 
12.4795 13.2511 25.2229 19.3606 1071.8 
14.7811 10.6649 24.1647 20.3911 1825.09 
5.44118 11.0901 26.2145 24.3849 991.007 
14.8676 8.91347 18.6057 20.9448 1089.23 
8.25724 7.05656 27.88 18.6616 2161.71 
8.48176 6.67306 21.9974 15.0332 2438.15 
12.5603 13.2649 24.2829 22.3843 2231.8 
5.41311 11.7929 29.4047 20.3763 1936.74 
8.53843 13.2488 26.1864 14.611 2381.4 
9.91436 9.40759 16.899 24.4878 744.275 
5.49773 11.0387 25.0898 23.9138 1222.54 
10.0196 10.5823 28.101 16.946 1092.64 
7.88266 9.4771 29.9698 23.0088 1232.04 
14.7386 13.325 10.0487 18.2741 1691.15 


Individual: 62
9.72733 7.5 22.8543 22.7998 1504.24 
6.19556 10.3042 12.0362 15.0842 2260.54 
9.84859 10.8897 14.8484 21.9212 1884.59 
7.44444 11.9635 25.6048 24.5732 951.605 
12.6887 14.0165 28.9981 21.9655 890.693 
11.9012 8.95835 17.9185 14.8985 748.935 
14.7307 10.1487 17.4513 14.5828 1792.27 
10.0228 7.21515 28.4944 15.0095 2072.88 
5.16898 14.2663 18.9841 13.271 748.781 
9.94654 6.99251 26.1487 15.3304 1155.64 
8.07684 10.4961 22.6354 21.699 2192.64 
6.27027 13.2982 11.4246 21.9409 1628.65 
13.511 9.67482 19.8484 15.6763 2358.46 
11.986 7.707 11.6952 13.9915 1057.05 
6.03605 11.6823 23.1173 16.9734 1955.35 
5.04682 13.1513 24.594 15.7419 1838.03 
5.11874 14.2402 25.886 18.7902 726.874 
5.84345 13.304 11.0718 16.8187 1315.76 
10.0862 9.77575 16.66 22.1142 1720.77 
8.19662 12.6713 24.4842 22.2982 1764.88 
6.51119 7.29046 19.7955 14.4195 1047.52 
13.7154 14.353 29.3196 19.7704 1694.81 
9.88989 10.96 22.1391 15.1477 2109.12 
12.7039 13.1322 16.1088 24.1135 1332.61 


Individual: 63
8.56387 11.1353 12.0662 24.8235 2439.64 
10.6794 9.57661 26.1236 15.6014 1653.46 
11.4442 11.2067 17.0023 22.2421 1943.87 
13.3332 7.7484 19.1618 14.8398 770.28 
8.96376 8.83439 17.7723 20.0004 1463.92 
6.51512 8.85348 18.1633 21.396 2222.93 
9.32978 6.01091 10.6309 16.1707 701.011 
9.03082 14.5128 19.3682 20.9646 556.694 
9.06764 8.9991 21.0652 19.4404 1140.65 
8.80091 14.618 12.5682 13.2276 548.071 
13.1418 10.8445 10.7364 13.3672 867.392 
14.9325 11.9038 22.4777 20.2249 1567.41 
12.5477 7.30624 26.7281 18.4825 610.613 
7.78918 7.35438 27.8981 13.8799 1562.53 
9.58031 10.8428 15.8539 19.7134 508.638 
8.0734 14.1297 24.1901 15.9357 1761.2 
8.50493 7.69959 20.5785 14.5288 1404.56 
13.2418 8.80181 10.621 15.5398 2133.78 
11.8124 7.213 29.801 18.5201 1316.64 
5.01576 6.12783 21.4277 16.3752 870.803 
5.07766 9.2406 13.224 13.4562 1697.56 
12.7928 14.4249 29.0639 14.4919 1960.19 
11.2393 7.33084 21.159 17.4884 608.741 
7.29436 10.6562 16.2868 18.8863 2225.1 


Individual: 64
10.2939 6.53009 25.9409 15.2508 995.174 
9.20789 13.8009 12.7887 17.1171 1597.2 
11.4562 11.6618 25.919 21.1997 2289.22 
12.0808 13.5647 23.5222 16.9918 814.719 
9.43152 6.22133 20.0392 19.0569 1707.52 
13.1063 6.13572 11.2267 14.5401 1608.09 
9.48098 9.08865 14.746 18.8331 558.922 
10.8409 12.3282 18.501 18.8391 1174.75 
9.52515 11.4912 16.2478 15.6245 1554.91 
5.97163 13.0531 19.3299 15.7523 2222.93 
13.9054 9.94296 19.4583 13.8152 818.165 
5.40832 7.06326 15.6945 13.4047 1360.76 
6.23385 13.4776 15.2849 18.707 650.776 
5.91195 12.6944 23.465 16.939 2059.03 
12.0297 13.1194 23.7746 17.1694 1966.71 
5.0443 6.71267 22.4083 18.8882 908.625 
12.2149 6.00098 20.8481 22.4084 2390.44 
5.41077 12.3197 19.2636 21.5876 551.782 
6.0672 11.4523 16.129 19.2935 1734.82 
13.9959 9.10742 23.3992 21.2785 792.019 
6.08905 7.93948 20.6122 20.6825 552.511 
5.88255 12.3925 13.2294 13.2344 2426.52 
6.26583 6.23176 14.8113 18.527 1336.96 
8.59403 14.0994 17.6774 19.5494 834.828 


Individual: 65
7.89912 10.092 28.4246 21.13 1297.78 
8.95151 10.8439 18.1301 15.8384 1033.06 
11.4945 7.10393 22.5296 16.4886 2365.61 
5.96306 7.19007 16.3157 14.4923 1160.53 
7.96493 7.81516 22.4114 21.1207 1997.38 
6.7724 7.65485 20.0479 18.6904 994.071 
6.79797 6.40513 28.1827 20.7778 1390.15 
8.10826 13.8987 25 16.4723 649.568 
13.8041 9.65013 17.6939 20.8436 541.794 
10.0959 8.61969 22.1731 18.344 820.907 
11.2158 10.7178 19.1847 14.5578 1742.97 
5.08158 10.2661 29.5538 16.7796 592.486 
11.0023 7.96191 27.2028 14.4937 2229.38 
14.8176 8.55706 21.4854 17.1964 2083.26 
11.5378 10.8745 21.4233 23.4739 576.195 
5.05966 7.4422 26.8917 17.4298 2354.83 
7.87576 14.7922 13.1358 19.3397 1295.84 
11.3489 7.28816 17.1921 15.2346 672.245 
7.92193 8.73546 21.2212 15.7326 2440.65 
9.93247 6.5084 24.9238 19.8643 858.166 
6.5759 14.7216 13.9916 13.7246 2045.22 
5.77539 10.3814 29.3382 24.94 1946.58 
6.33922 8.84378 24.73 13.951 773.876 
8.43011 8.1585 12.516 15.7545 1514.76 


Individual: 66
7.82225 7.12603 24.3784 16.1777 2297.55 
10.6405 10.6406 21.3914 21.5029 965.298 
6.54766 9.40998 12.3309 23.4909 1382.23 
13.5954 8.8687 24.6206 14.1429 990.435 
7.87234 7.74237 10.8584 14.7691 950.127 
11.8798 6.95138 19.4764 14.1051 938.026 
5.55789 13.8931 28.7529 14.5152 2371.89 
12.4531 9.45569 11.8541 19.8314 732.873 
13.6525 7.63846 21.0989 18.735 671.585 
5.4916 6.55871 11.1935 16.0767 2088.03 
5.77467 11.9169 18.7961 14.2636 1700.96 
9.1283 7.41722 12.394 16.6347 2184.48 
10.2997 10.4186 16.7583 13.0344 2236.97 
14.177 10.2442 13.5611 23.3145 1702.05 
6.54517 7.01527 23.2958 19.4177 936.249 
12.254 8.88544 11.1756 20.7249 881.306 
12.8996 11.0322 20.1478 20.0221 2093.65 
7.48011 9.95318 20.3791 13.5428 1216.04 
6.05727 12.5813 10.8197 17.6226 1129.67 
10.997 8.28978 22.0587 18.1726 1129.53 
12.2257 14.8487 11.0764 19.075 611.72 
6.79994 6.30103 14.6776 22.8806 1207.48 
12.4946 10.0066 20.2055 19.368 1107.97 
13.7 7.11877 28.4808 18.8818 2418.61 


Individual: 67
14.013 11.2597 29.1668 13.0524 1501.42 
5.7065 7.58068 21.7852 20.9322 2016.61 
14.6021 14.8247 24.8254 15.6799 1752.51 
6.96711 14.9317 20.7044 15.8116 889.954 
9.36848 12.1685 17.403 20.7232 1608 
11.4881 8.286 27.7484 14.7972 702.034 
11.2304 12.1864 26.7196 14.6076 551.009 
13.652 6.97337 20.4235 24.0545 2094.72 
14.6623 12.3234 20.8511 18.2932 1227.23 
6.92436 11.0939 14.0486 16.7486 1067.66 
14.8745 7.45691 16.0573 13.8205 2424.96 
5.75589 13.21 27.4107 13.0197 1922.42 
12.2903 9.97568 11.6036 22.2682 1454.23 
7.45851 11.8168 16.8103 23.3819 2252.78 
14.3662 8.54466 23.8326 20.1172 2143.04 
6.86368 14.0152 27.5283 18.0315 904.131 
7.19384 7.69342 16.6506 21.5411 1941.68 
8.69106 13.5 17.3527 13.3612 1999.64 
10.1003 8.59014 19.1296 21.8571 519.993 
7.16052 8.23176 18.4537 13.8423 971.214 
12.2123 13.965 16.1745 17.8698 1344.57 
7.29814 7.54098 12.6382 16.1346 1042.87 
11.5643 6.60259 12.3857 17.345 834.175 
14.1143 11.4172 15.9188 17.9263 2135.58 


Individual: 68
9.73141 6.21953 20.8566 20.0756 1916.67 
8.46781 11.3852 26.6572 19.2685 2156.83 
5.24177 6.46861 10.3674 18.5082 1340.22 
12.6268 9.63982 28.3526 14.7316 1429.24 
5.0668 8.64172 25.1405 23.2705 1400.67 
8.99684 6.36357 13.3876 21.875 1064.2 
5.17822 10.5473 21.535 19.9344 1313.04 
12.3134 8.66462 27.6802 20.828 878.959 
9.65834 11.9364 10.416 13.5675 2418.85 
14.2618 6.86972 23.3933 20.2786 1271.85 
8.2138 6.805 27.1176 21.0515 1438.06 
11.7046 8.151 25.7508 22.5787 1396.85 
8.36524 14.3119 28.938 16.3167 1384.92 
12.9517 7.66068 26.8504 15.7468 826.814 
14.3012 10.3665 14.742 13.8903 1818.71 
10.3663 14.037 12.5782 13.5547 2279.49 
6.88034 9.4125 10.0066 16.9571 1543.26 
5.12267 8.98949 26.5293 22.7897 2387.98 
6.39163 14.7336 11.1371 13.1651 2393.57 
11.4879 11.1457 17.8201 14.3806 1779.78 
6.42206 14.5671 21.9052 24.5212 1543.05 
5.72311 6.44064 23.6166 13.6048 1570.12 
13.2042 8.15772 25.5499 19.5549 1072.87 
14.0549 11.2239 12.7973 18.5264 898.069 


Individual: 69
14.9072 12.4244 24.2579 21.334 1676.99 
14.2595 13.2187 13.9298 18.7855 2425.26 
9.22995 7.57406 11.5749 15.1398 2433.73 
13.8336 12.0161 28.448 14.0884 1510.79 
9.97044 12.8559 22.36 23.5656 753.643 
8.45312 14.1518 14.8482 14.2386 567.445 
10.3873 11.4772 20.378 20.3157 2421.75 
5.08872 7.5944 19.6205 21.4087 601.82 
11.6381 13.2547 13.9309 13.4867 1285.05 
14.9536 6.23956 28.3269 22.3506 2097.06 
6.66712 9.25348 14.3977 16.4816 606.387 
7.09945 10.8912 20.914 17.1438 778.105 
5.67676 9.48522 20.4026 20.1556 1880.62 
5.67022 14.1943 16.6591 20.1518 1327.76 
11.2419 7.67332 21.722 13.4869 1966.54 
7.66254 9.23482 22.7755 20.2018 1366.98 
8.85553 11.2482 10.1396 21.0497 1780.51 
11.8858 8.68145 17.3587 13.8572 1309.15 
5.21459 8.87434 26.8852 20.7666 2083.77 
14.6824 7.23481 17.3039 23.1547 1604.31 
5.55223 6.49887 26.1559 20.3451 1150.81 
6.67303 8.70483 20.745 17.4003 1281.33 
9.49978 11.8293 27.5877 19.0962 688.14 
13.6095 13.3461 12.8168 16.7644 1974.32 


Individual: 70
12.4596 13.7037 22.4228 21.3909 2254.74 
8.14765 9.08938 21.1226 13.1567 1116.87 
9.68514 13.7077 23.5928 20.014 1116.92 
5.19605 12.7705 11.6307 23.0708 1812.83 
6.20677 9.89518 14.1487 15.9204 2048.26 
6.06743 8.4438 15.644 20.2925 1330.51 
8.69315 6.9855 21.1523 18.6696 1889.12 
12.2441 8.88803 22.5003 18.9021 521.632 
6.57959 9.1118 18.3408 18.7052 865.849 
6.21741 9.65069 10.3678 21.1437 735.294 
12.1507 6.53115 20.6114 20.2428 540.063 
7.38558 11.7851 16.9311 13.7372 522.49 
6.56989 9.2911 11.1385 19.7367 1691.85 
10.8882 9.72935 15.4554 22.4794 596.946 
7.01447 6.72435 10.1577 20.8177 1660.83 
7.76413 10.1731 20.0745 14.3602 1185.84 
8.57346 11.4579 21.3101 23.4813 514.315 
12.0655 7.26131 15.8663 14.4493 778.419 
6.46156 6.63131 22.0804 13.4059 1538.19 
6.69966 13.6866 23.5075 15.797 953.665 
10.6953 6.29263 21.3972 24.2487 1873.97 
8.23639 7.96047 12.2924 13.0819 1828.4 
11.7259 14.4166 13.7304 18.4449 652.269 
13.0322 12.0662 17.8794 14.4926 1799.5 


Individual: 71
7.40581 9.10426 28.4677 15.7255 1837.1 
10.7269 7.30294 14.7967 14.2924 2494.45 
5.11452 7.45982 20.562 24.4114 1053.21 
5.36833 13.7027 13.8831 19.8903 1050.69 
9.44258 9.99206 14.2286 13.6465 869.706 
13.2625 14.5373 21.1606 21.497 1854.94 
6.22273 7.10962 21.7791 18.2103 2307.22 
5.00652 12.2734 12.3706 14.4202 786.499 
7.68345 14.9002 28.3351 17.7983 545.943 
8.15496 7.34212 11.397 15.5543 1268.83 
8.05662 10.187 14.3971 13.4907 965.543 
11.6434 9.63103 19.8388 13.0325 1447.37 
6.18438 6.67688 14.6296 16.9586 1081.2 
14.1292 12.9361 25.8827 22.5289 624.702 
7.44606 11.9278 19.605 19.1393 2188.77 
8.3181 13.1068 26.1519 13.5512 1167.67 
5.05202 13.5825 26.1939 20.3022 1836.67 
6.82735 14.038 26.7313 19.0888 1410.18 
12.0082 11.9012 23.7259 18.8426 2245.54 
6.54903 9.91828 16.146 20.0301 1115.69 
12.1474 13.1663 25.4621 15.5019 1490.3 
14.9783 8.9297 13.9403 24.0907 2499.58 
12.4064 10.1899 23.1331 22.9154 1401 
14.2285 10.1221 26.0175 13.7949 711.282 


Individual: 72
14.444 9.98228 22.6321 24.3243 603.013 
11.4378 6.4072 13.7511 18.7172 951.965 
13.0859 13.813 25.3939 24.3717 2229.83 
11.1768 7.64308 24.9846 22.7894 954.027 
12.0748 8.57575 24.7783 22.208 1690.44 
12.6163 8.61579 17.3822 16.5205 1150.55 
12.0512 11.0322 10.7029 22.1097 1362.14 
14.1843 10.9724 24.7811 24.1485 1309.2 
10.423 6.13632 15.5448 13.6045 2111.16 
8.7597 9.46996 28.189 18.8782 886.975 
9.41132 10.217 24.4613 18.7683 2141.52 
8.89447 7.38216 13.587 22.2517 2100.43 
12.701 8.38378 24.4814 19.1625 958.185 
8.63061 11.2345 21.4058 18.8517 800.3 
5.22729 13.9372 10.1393 13.6085 1110.7 
5.87656 8.43496 10.8439 22.9469 2198.64 
8.41207 12.3864 29.9381 20.9118 955.782 
8.71788 8.01258 22.4571 15.6596 2482.11 
13.6098 9.03832 13.9048 23.9823 1023.31 
12.4978 10.5472 27.0847 17.8344 2286.14 
6.21332 9.39786 14.2069 24.874 2403.06 
9.05318 13.8989 29.9532 13.0625 1250.55 
13.8887 6.73236 18.2301 16.6091 890.933 
7.49152 12.6899 27.2801 19.5347 1132.09 


Individual: 73
5.8439 7.79448 14.7034 18.6201 969.033 
14.6982 6.16552 23.445 16.913 1767.15 
8.53838 11.3568 22.4533 19.4356 742.111 
5.48423 9.58364 10.339 21.0418 2358.16 
6.31207 14.7518 29.3275 17.5206 2006.38 
8.04926 13.9418 19.6255 15.3473 588.35 
6.26772 14.3845 24.9105 24.0333 1714.16 
6.08896 11.179 29.0882 14.2285 651.408 
11.3095 7.29308 11.2282 15.4092 2249.74 
7.52644 12.8902 12.5079 17.3361 534.241 
10.9169 7.41153 16.1724 13.1106 926.677 
13.7536 7.00999 28.006 20.174 1038.9 
6.04615 9.69863 27.1322 18.4176 1375.62 
13.7795 13.2489 16.3539 14.0331 1413.41 
14.1632 9.65686 21.7193 22.6258 1514.66 
12.0868 6.73861 25.5401 22.6389 2013.16 
12.7282 11.853 12.2719 14.0713 1251.68 
5.68259 7.08301 25.0325 24.4259 606.732 
11.9274 13.1073 22.8552 16.8315 1137.64 
9.61295 11.9982 13.8837 14.1691 2445.69 
13.644 7.70476 25.1882 13.0062 1526.04 
8.22525 11.6365 28.3145 20.0133 2434.91 
5.48938 8.63384 17.5147 21.3342 1648.5 
11.212 6.64038 17.8708 22.6693 2057.43 


Individual: 74
10.6134 10.9002 27.0298 13.1183 1022.67 
5.01163 8.3192 10.6974 19.462 2283.8 
14.0808 9.14127 22.3825 22.397 1128.51 
9.55748 12.8886 20.0266 13.6906 757.098 
12.0721 13.3289 10.0898 24.5043 1428.13 
5.52109 14.0632 13.7289 23.0259 1941.39 
12.6013 10.3498 11.3253 17.7153 549.689 
10.4191 11.1452 19.2251 23.662 894.715 
10.6083 9.41485 18.4708 13.6265 887.097 
13.635 9.94736 11.6494 24.4869 1111.33 
12.3748 11.4282 18.12 13.4091 2135.37 
6.69208 11.9091 11.9444 15.2396 1412.42 
9.25709 8.68412 29.5336 23.5225 573.818 
10.5495 9.37022 10.0548 13.3583 2106.96 
11.512 6.54089 23.5512 19.4598 912.088 
9.94202 6.13805 21.1366 20.4054 1074.55 
11.8476 9.27412 22.1704 14.4375 1459.41 
5.9945 13.3313 17.6974 23.6388 1585.39 
14.4703 11.0887 23.3045 16.3236 1780.38 
5.19898 8.14597 13.162 13.6188 1351.14 
7.37499 14.5145 24.7917 17.5782 2441.02 
8.71334 12.0145 22.053 18.5575 2060 
9.00251 12.0877 16.8736 19.5636 1957.11 
6.97148 12.8515 15.7868 17.9149 1049.85 


Individual: 75
14.9672 14.9967 12.7615 20.8128 519.284 
8.45407 6.20666 22.2809 23.0046 529.079 
10.0832 8.79494 17.1027 15.8484 1191.42 
12.9844 6.52145 18.6536 15.0429 1856.46 
8.51309 10.1581 16.809 16.5781 1945.5 
8.1232 12.4246 21.1887 18.2313 790.581 
13.0881 11.5708 11.9074 15.7517 1270.83 
5.06335 10.4396 28.3346 14.8486 2319.95 
11.692 14.2904 23.5064 13.7855 1582.19 
5.42834 10.76 11.7528 19.2941 1966.32 
12.5521 9.78824 12.7671 16.6953 644.7 
11.6418 8.11745 20.341 14.5325 1964.83 
6.11123 6.74501 12.6965 20.9324 2222.16 
8.33868 12.2495 17.3289 22.8041 837.724 
11.7945 7.88109 17.7744 20.0885 2109.71 
5.66265 11.2875 20.7121 14.6508 1838.58 
5.6993 9.93955 11.2752 19.3536 691.142 
7.21773 10.4854 21.9994 13.5564 1409.29 
11.9393 12.5943 10.9785 17.2537 1564.78 
10.1976 7.13559 11.168 23.4535 2440.42 
9.13487 12.5033 16.1875 21.8355 1065.08 
10.7779 11.6422 10.108 15.0336 2401.53 
6.27731 9.35138 26.2633 16.6801 895.676 
7.2981 14.5991 10.9397 13.8865 545.995 


Individual: 76
5.07349 10.4948 24.3186 16.1446 1422.77 
5.65233 14.0635 15.7258 20.0236 2490.42 
8.46324 11.4235 15.2192 22.1109 2309.07 
7.80499 12.8143 13.1392 17.2094 666.503 
13.5413 6.03363 13.5387 16.0808 1011.56 
12.3073 13.1611 27.0083 15.6799 2211.89 
10.7651 11.6822 28.1936 20.4297 867.956 
6.57922 12.9326 28.924 16.78 1296.12 
5.28524 10.6303 29.5167 14.9429 682.647 
11.9773 8.50036 14.5293 23.6733 1381.29 
7.42476 13.1676 25.0382 15.3468 755.103 
12.9748 6.33594 13.8213 22.3488 556.017 
12.6727 10.9152 15.6881 16.2233 1803.75 
11.379 9.36378 16.5798 15.5148 1728.25 
9.75245 6.7504 14.126 21.9063 1569.76 
5.51351 10.6257 13.5211 24.9407 2226.62 
5.65653 8.73588 12.5615 17.112 657.607 
9.1345 12.229 21.0459 21.8507 681.094 
14.141 11.329 21.0302 17.4952 1119.62 
8.06585 6.21398 17.8986 19.5294 1984.34 
7.5413 7.33333 18.5129 15.3307 969.794 
11.9276 8.47883 24.1733 14.7624 1123.41 
7.90282 11.4244 20.1833 21.9055 871.284 
6.38552 14.7399 12.3561 16.9398 2068.2 


Individual: 77
5.28322 8.27986 16.9941 18.3936 1938.38 
12.6518 14.4021 16.8705 17.7088 661.861 
7.24478 11.1246 13.8478 17.6197 2016.46 
13.8448 10.6737 26.4041 16.2147 1320.95 
6.12362 7.57667 18.7386 17.287 2080.84 
6.98462 10.6471 20.9652 19.5009 1081.12 
13.7286 10.092 15.4093 23.2521 1051.01 
6.14771 8.12165 11.7825 14.7186 884.606 
12.9391 6.04829 13.1819 23.1045 2099.31 
6.39563 9.88203 14.6753 18.3125 975.466 
7.07432 8.96118 17.6293 16.8769 1643.77 
7.2485 8.179 22.4308 24.6727 1141.93 
11.0824 11.1209 22.9693 15.5401 1859.38 
5.74028 12.5618 17.3973 21.7492 1060.5 
12.7203 10.5309 12.935 20.6273 1866.76 
12.7774 12.0866 24.0633 17.5389 782.972 
6.43199 13.1801 19.7725 18.7049 1510.44 
9.75133 7.83111 16.6126 18.0814 2214.58 
7.2694 10.3259 26.5863 22.744 2054.93 
6.78574 10.7966 22.8014 14.7075 1360.98 
14.3965 13.2647 24.7597 24.5498 523.643 
10.6709 6.60392 23.1239 20.2481 2482.8 
14.5434 10.846 12.309 13.0431 1380.13 
6.14409 11.1467 15.6934 23.8261 1499.38 


Individual: 78
10.9965 6.9282 16.8254 23.0808 1500.32 
9.54391 11.4519 29.8251 16.0152 896.04 
13.5852 12.9773 12.4041 14.7351 2307.61 
10.7331 12.8794 26.1217 15.2426 1041.23 
8.67958 11.9018 26.1881 13.5175 900.406 
6.08241 6.1298 25.0214 15.6959 861.526 
7.82123 6.73242 19.6257 18.2877 2192.9 
6.35529 8.78987 29.5059 18.7621 2452.78 
10.4119 14.557 12.2997 14.2083 2054.13 
7.61159 10.9067 13.273 24.545 904.872 
12.7284 10.0571 20.872 16.3236 1625.55 
9.07082 14.213 21.5175 23.193 963.606 
7.7271 6.64541 28.2673 17.109 2469.26 
8.01943 8.90639 24.5923 18.2126 797.444 
10.4545 11.226 20.285 13.1402 1031.03 
10.5917 9.12273 13.8711 19.7413 1174.98 
8.55449 8.07529 19.4453 24.0788 2287.95 
14.0281 13.6938 18.3486 13.6103 1935.33 
10.5464 8.36514 16.7107 17.0012 555.426 
5.12863 10.9812 14.8288 21.9315 1554.11 
5.91927 7.0522 28.6694 15.3438 790.729 
12.8929 12.7209 10.2262 24.4262 1684.25 
14.0305 14.3844 14.072 23.3001 1634.54 
5.68282 8.47474 28.2064 13.6551 1882.29 


Individual: 79
6.10859 11.1633 11.1527 20.3266 2241.56 
8.67881 7.14793 25.7506 13.3874 1110.19 
9.88003 8.76846 20.4283 17.9549 594.813 
5.85686 7.91754 16.4865 21.064 557.931 
8.61355 10.879 18.7786 13.6129 1348.88 
9.50828 7.26467 21.1714 18.8061 899.547 
8.97181 7.68462 27.4488 13.0854 1143.12 
8.20065 10.1697 27.8035 18.0836 956.682 
10.9705 10.5508 22.6847 16.3111 1398.14 
10.5197 9.38339 11.8179 20.3905 1033.26 
13.4802 14.89 25.587 18.0261 1482.27 
10.9524 14.5466 16.2575 19.8307 1483.19 
8.06715 6.19153 16.8471 24.8826 2230.08 
9.95486 14.9078 26.9539 24.0963 2214.29 
13.8492 11.4126 24.8068 16.723 1091.91 
13.1211 11.5474 29.1828 16.0148 721.222 
13.4292 11.8408 21.5772 23.7878 603.128 
5.27997 8.04442 12.6052 16.9754 914.985 
6.68938 6.15715 24.128 14.838 840.82 
5.08083 8.82269 12.3951 17.4459 1335.09 
7.03909 7.54802 18.1677 24.6987 1083.65 
9.56707 14.195 11.1591 16.7341 2157.19 
5.62359 9.85441 14.6161 17.9323 1032.88 
8.51104 9.2107 28.6865 21.0404 1401.47 


Individual: 80
14.2354 10.4287 26.9397 17.2694 1922.28 
5.21851 6.15372 21.8354 16.7006 1154.37 
12.8258 12.5922 20.5589 19.4432 1638.81 
12.1432 9.19003 16.2613 17.8869 1175.42 
9.54475 7.78895 28.2303 19.7714 1640.57 
11.3263 7.73411 27.5082 20.7872 762.102 
6.1524 12.0467 15.1767 18.4861 639.86 
14.5335 8.82496 28.3897 14.0979 1897.23 
6.24565 6.11205 20.1311 16.8565 2296.48 
11.6831 9.36156 28.355 14.1484 2176.28 
9.67851 8.91612 28.9601 17.1929 2054.84 
6.67355 14.1075 12.5405 14.2356 1537.42 
14.5329 13.5814 20.4065 23.3901 756.41 
7.32622 12.4592 19.4198 16.6517 1028.07 
6.38108 10.5141 11.9427 24.4675 2055.23 
11.8983 10.6987 20.0495 17.3918 914.541 
9.15698 9.7612 22.5219 15.7255 683.366 
14.4552 7.1563 10.8007 13.9519 577.274 
7.45268 8.57817 13.0323 21.3562 951.841 
7.70099 10.2111 22.7583 21.3751 787.816 
12.5874 13.2234 25.8511 16.0866 734.455 
8.73828 6.94316 14.7187 15.626 1626.02 
7.21831 13.4301 25.4897 13.365 1103.94 
5.578 9.09547 29.4006 21.5826 500.48 


Individual: 81
12.4674 6.81537 13.6438 15.0752 1252.97 
6.84901 8.48622 14.4342 17.5908 1879.37 
8.80084 7.66234 16.6654 22.4516 1435.54 
5.06484 8.51283 28.764 22.6617 1978.92 
11.4329 6.74791 21.4027 23.4832 2416.15 
9.64837 14.8473 13.7744 18.2793 2041.61 
14.6238 6.97788 28.5449 20.1579 2190.49 
6.93085 7.48451 13.218 13.2917 580.576 
13.6135 11.9685 27.4928 23.5051 1055.78 
12.4685 9.75519 20.17 16.636 1055.37 
8.8015 10.3864 21.1875 18.1176 1915.95 
10.0685 13.4559 24.1512 13.1978 834.417 
12.3986 11.7553 13.2559 19.5342 1425.1 
6.70908 10.832 17.5076 23.8363 590.13 
12.0903 9.76382 28.4523 20.5564 1107.33 
12.9471 7.27221 26.5363 14.1881 1161.92 
8.29957 13.776 15.7038 18.7818 1865.96 
5.58759 7.42896 27.2994 15.66 2450.76 
9.73758 6.41208 11.089 24.26 1412.39 
8.56957 10.9266 24.2401 19.0456 1443.61 
8.56131 11.4043 27.411 20.412 783.529 
7.78449 9.64624 29.9217 24.0209 1028.42 
5.31416 11.5476 14.0283 19.8077 1168.73 
14.0823 12.135 12.5409 14.3272 672.457 


Individual: 82
9.84899 7.89821 18.9247 23.9941 2077.44 
9.89215 11.6835 11.7032 24.7695 588.606 
9.82273 13.1375 25.8749 13.658 1085.18 
5.76051 8.82485 27.2921 21.1547 1169.89 
13.9544 6.12202 11.1318 16.9905 2360.3 
9.58832 7.07175 23.069 22.2796 728.611 
7.24059 11.256 20.3941 19.2507 2427.95 
11.5905 8.1847 13.6352 19.4377 995.352 
12.1692 13.1616 14.9807 17.7953 1671.03 
12.7945 9.48649 26.0245 22.0341 2271.31 
8.14001 6.17311 29.5037 13.4609 833.835 
5.20679 14.6831 11.061 23.8077 1868.9 
7.45999 13.3079 23.7521 22.2522 2430.09 
6.04283 9.14668 24.2452 14.2111 2025.06 
7.25963 6.23493 10.8003 17.2357 1479.77 
10.2466 13.2158 22.1765 16.5038 1348.58 
14.6159 10.3597 24.9779 13.4542 1116.44 
10.1846 7.62877 16.6667 24.5499 722.488 
8.28872 13.3501 23.3515 14.6973 1353.07 
13.2645 7.13673 27.5389 17.1869 1514.51 
7.15766 6.25087 28.5264 22.0718 915.119 
7.03926 9.09684 17.0637 14.6729 1503.9 
8.52524 7.30469 19.1831 16.5057 923.94 
10.7277 9.36809 21.8243 13.6317 609.162 


Individual: 83
7.79279 13.8209 20.7942 24.6723 2473.88 
10.2489 8.41467 11.1895 20.2271 2224.49 
11.5845 6.15915 14.5326 13.1562 1666.67 
6.12189 13.6543 29.8088 18.8304 762.821 
10.0083 12.2355 16.1288 15.9841 1293.54 
10.1998 6.09572 25.5904 20.1475 929.211 
5.11213 14.8679 13.5358 21.2762 1689.31 
6.56309 6.97398 23.7129 13.8073 2078.15 
9.29855 11.8059 16.1411 15.5538 1751.3 
13.1058 12.7788 28.694 20.558 1050.97 
12.8237 14.2803 10.6836 21.8925 2274.22 
9.46982 9.06925 17.1629 16.9628 2468.18 
8.72107 14.4451 16.2059 23.7847 799.224 
8.1202 8.61709 19.0302 23.1476 1246.15 
6.56908 12.9346 28.9467 19.1199 982.352 
7.13591 11.5465 23.3301 23.9097 1033.53 
8.65289 7.64154 22.3868 23.1432 1194.27 
12.7151 11.1975 20.5518 22.6581 1170.99 
12.5956 11.3695 25.5592 23.0329 562.305 
13.1214 6.57979 23.7182 14.1507 1220.83 
6.2125 13.3628 20.3339 16.283 2064.25 
8.70436 14.6789 10.795 22.1716 1515.87 
9.04392 8.60331 24.7304 13.1726 2412.62 
7.22356 10.0882 19.9545 19.4305 1802.83 


Individual: 84
7.86226 9.26401 12.6232 13.1263 1286.67 
8.01947 6.8129 15.4089 15.9343 774.265 
8.02885 13.9881 16.6082 13.5425 1805.67 
9.73929 10.7626 25.3261 19.5159 967.563 
13.5514 12.2112 23.5884 19.3039 634.542 
5.38359 10.8876 23.058 22.0619 1276.16 
6.57171 10.2103 22.6231 20.3612 859.162 
9.09614 12.3433 10.6446 24.819 857.93 
12.3581 6.64583 13.9219 21.4299 2054.3 
5.95299 9.96533 17.5635 23.86 1659.09 
9.78135 13.8235 24.878 14.9901 523.33 
8.24778 10.6049 24.8336 19.7595 885.747 
7.27426 11.8904 15.4515 18.1208 803.383 
6.97306 6.27545 27.2868 20.9203 824.642 
13.2351 9.1116 18.7122 19.2619 1858.69 
9.49609 6.2003 29.3891 17.622 1819.5 
6.54881 6.74171 15.5219 16.7412 1934 
11.0696 13.8291 13.3721 19.8681 2351.31 
5.48639 14.1276 18.9539 24.0076 553.333 
6.38868 6.01452 22.9573 18.1533 747.587 
9.3891 12.7764 11.6982 18.8717 579.936 
11.0781 6.49522 16.2955 23.0868 1117.32 
7.79236 11.8029 28.9271 13.0456 1963.8 
5.29795 7.44494 21.0484 22.0222 1253.81 


Individual: 85
13.4 7.67232 13.3442 16.6476 662.303 
5.36457 10.916 28.5819 24.7082 1923.76 
13.5057 9.30862 21.5964 16.8965 706.782 
8.396 10.7086 10.6122 14.7943 2390.99 
7.0557 11.0077 18.6464 14.2428 2067.26 
6.89432 6.78395 27.0026 14.2447 1783.1 
13.1539 10.9462 28.6147 21.6237 1557.18 
6.25561 9.48929 20.9069 21.8784 1370.8 
8.23855 6.07645 27.5566 21.6845 990.169 
5.2664 11.152 23.912 16.1374 1173.21 
11.758 6.9404 20.2962 17.7394 1070.65 
6.33591 11.4078 14.7992 19.1088 1096.1 
11.7263 13.5144 28.3161 19.913 1230.94 
11.7409 10.1406 14.7746 17.5034 919.802 
5.86285 6.11936 14.6471 15.0896 1157.42 
10.9137 7.62377 11.7693 21.1857 631.574 
14.608 7.63608 23.8687 14.9939 1451.57 
8.96945 6.56567 15.4558 21.3708 1569.27 
8.00113 10.1459 14.5612 19.6048 670.296 
11.3101 12.865 12.7328 19.926 800.759 
11.3636 13.1715 15.5585 23.2937 2000.12 
7.78159 6.90948 29.084 18.7232 501.384 
5.65184 11.4595 24.1142 16.2668 532.565 
7.03266 6.13014 24.0853 15.208 2467.36 


Individual: 86
5.77081 6.1438 29.2845 21.967 1553.95 
13.0497 7.68496 10.2398 21.8685 1221.25 
9.35777 14.0453 10.8338 13.4225 1481.9 
7.88354 6.383 18.4733 23.061 2288.71 
5.65455 11.6509 12.0919 13.3834 2093.15 
10.3432 11.5076 13.5671 19.1131 2410.48 
7.40534 12.7307 20.8922 21.0287 2041.82 
10.0863 6.01313 27.7447 16.6726 2431.54 
10.8778 12.6635 20.7143 14.9693 1954.35 
12.5685 7.96736 21.8464 24.5351 809.423 
13.5714 14.0965 21.6029 21.9959 1321.5 
5.84965 9.07343 16.7658 19.8985 2233.6 
6.17641 14.5774 14.9323 20.3983 2174.88 
5.46898 7.01059 22.465 16.9411 2224.48 
11.9934 14.7559 25.1559 21.9879 654.966 
14.5834 6.89179 11.4939 18.624 1676.47 
10.4418 10.9649 15.7601 21.64 1515.4 
12.0411 9.24109 14.8968 13.9537 1211.51 
11.7122 11.6829 19.1886 22.2776 670.21 
11.4792 8.64424 17.8048 15.855 2215.18 
11.0139 12.9312 20.3611 23.5549 1797.61 
10.4882 7.8591 26.1391 22.4033 507.667 
7.63856 7.56215 24.3462 14.0357 838.668 
9.69475 8.68866 19.8833 21.6166 954.437 


Individual: 87
12.2507 6.16286 13.1318 19.3704 1227.54 
7.49007 12.5803 14.1227 21.6368 679.475 
7.10997 7.70473 13.0005 14.3525 1960.15 
13.2625 7.07323 14.543 19.9444 508.763 
5.79786 12.6793 17.6677 13.9268 731.773 
14.1975 12.8251 10.285 15.9795 994.619 
11.4799 6.83601 10.1122 17.0645 1727.75 
7.62346 9.08896 29.4925 16.8301 2143.33 
10.2071 8.84979 18.1077 13.7368 2300.37 
11.4977 9.80787 25.1908 20.7363 1701.15 
11.7114 12.4014 28.7861 15.8885 937.278 
10.9387 6.17939 17.9971 21.2772 740.191 
10.5427 6.88133 15.3684 13.2195 1939.26 
13.4972 11.566 14.9223 17.771 1081.27 
6.2806 9.93333 25.396 19.8979 521.5 
13.7883 12.0407 23.9029 15.0712 2124.79 
6.6818 12.6225 13.4765 22.7849 819.86 
13.0538 12.7347 13.4294 17.7429 2125.39 
12.1695 13.9299 15.587 17.659 1094.44 
5.15158 8.31462 29.9974 16.7654 2114.82 
12.2285 6.53382 16.0696 15.927 1396.12 
5.18759 7.21419 16.1948 18.8423 1373 
7.91204 6.00031 16.7982 17.0613 801.616 
10.6953 8.3521 19.2229 20.3031 913.063 


Individual: 88
9.37707 12.797 12.9141 23.2753 1118.96 
12.568 11.0719 15.9396 17.844 706.802 
9.24868 12.3411 23.7468 19.6183 559.182 
9.22619 7.81722 10.5667 19.6492 1523.4 
11.6693 14.4272 10.1539 20.6144 2239.57 
9.12029 9.43439 12.2397 22.0703 1387.41 
9.64765 6.71545 16.9288 16.6464 1233.29 
5.02343 7.07462 19.0967 16.802 2191.78 
13.5806 14.6075 19.0176 16.2849 2357.83 
10.8585 13.1325 21.1052 13.9897 703 
5.48971 7.40252 17.8992 15.8796 870.316 
13.8827 12.676 22.4668 18.3759 2106.45 
8.79083 6.05682 19.6552 13.5754 1935.71 
13.9059 13.4287 13.5281 15.943 2009.59 
14.5395 10.4596 14.8791 20.9213 2267.95 
13.2162 7.67981 10.175 15.3579 1931.07 
14.5437 12.3108 26.4835 15.1755 1255.74 
7.87793 8.35488 17.855 21.8442 1188.77 
14.172 11.8289 18.1717 15.757 1014.93 
9.49581 9.70194 20.1655 13.7731 556.03 
6.07387 14.6486 21.7502 16.4547 1820.75 
9.35696 10.0028 26.3808 14.7935 2377.27 
8.44102 10.2641 14.8474 15.4872 1399.14 
13.855 8.09583 21.7172 23.9862 1269.95 


Individual: 89
12.8953 7.6235 27.3484 14.4297 1321.03 
6.31629 13.3366 18.7644 14.4556 1082.61 
7.27848 13.9593 15.5086 15.7919 957.123 
11.4001 14.8244 10.2964 13.5751 1968 
7.17187 14.6719 11.5589 22.3393 1801.1 
10.0878 9.84215 29.1115 15.8388 731.801 
6.70569 11.353 28.0536 18.7498 2141.23 
12.5364 6.16639 10.8474 22.1162 1682.56 
7.09313 14.3053 27.4311 14.5824 1030.13 
14.0452 11.3644 15.1332 17.2551 1383.39 
8.62078 10.6107 19.4433 21.9136 1614.49 
10.9817 8.74353 24.2636 20.65 1106.08 
14.1429 8.11567 23.3516 21.6461 1632.92 
10.837 14.3338 26.4093 13.6686 861.915 
12.4128 14.8575 13.9575 13.6845 1355.12 
10.0499 12.8587 16.473 17.8755 571.863 
7.60244 9.14264 10.7932 16.4799 530.455 
10.0486 13.8454 16.0135 18.8319 1169.43 
7.44042 9.70306 22.9107 20.0452 1777.54 
10.7079 13.9282 12.5144 19.7194 2119.41 
7.56157 8.26633 24.5494 19.9345 2051.91 
8.92833 13.8474 27.2301 14.912 2229.93 
9.58118 9.88405 21.7405 16.0869 2466.59 
7.24828 9.94299 21.3966 13.8133 1980.36 


Individual: 90
13.1037 11.7304 26.3661 16.3674 2309.78 
6.33305 11.8315 17.8345 13.059 1938.82 
6.85557 10.9353 27.4661 17.0056 2242.55 
12.2965 9.71128 18.2947 13.8571 958.57 
6.21541 8.64803 13.1902 24.7243 1756.5 
7.09712 10.2146 13.6987 23.9995 1353.55 
8.96915 6.30525 23.4835 19.3113 690.636 
11.4968 7.29711 24.6126 18.6883 1588.33 
10.021 6.70608 26.2562 18.1123 1426.49 
10.9846 13.6532 29.9814 19.2349 876.241 
12.0877 7.64724 15.4419 13.8736 1275.45 
9.69449 10.1414 10.327 19.7497 1675.68 
13.4372 6.58027 13.818 13.8539 1432.35 
5.04458 6.95224 27.3568 17.8062 1178.74 
7.72104 14.5934 19.8713 13.7398 1102.45 
7.74629 8.90861 16.3216 20.3017 929.365 
5.88028 10.6002 10.3451 17.6467 553.66 
10.4147 9.05848 13.0763 24.2879 1845.03 
5.28986 7.55949 15.6788 24.4098 1395.64 
6.41769 11.9804 28.8853 21.1421 1204.39 
5.89642 11.4147 27.926 13.142 666.65 
13.8192 13.8454 13.1509 18.5412 2127.33 
7.15176 13.5183 28.3258 20.4027 2408.89 
12.4434 10.9392 25.7918 17.6903 1903 


Individual: 91
7.83377 6.90582 10.4991 14.6837 1069 
13.4861 6.33091 12.3858 23.1153 2351.16 
10.3308 9.5306 11.2775 20.7653 1350.36 
9.4316 12.2836 10.0503 14.6148 1158.8 
10.131 8.33067 19.2972 20.3914 1591.42 
7.5843 9.53843 18.6823 19.2167 942.718 
7.53543 11.7027 28.582 23.5133 546.991 
6.11909 7.78484 11.4632 22.307 570.906 
9.19496 10.4368 24.1625 16.6522 1583.26 
5.84962 13.8495 27.3311 22.5401 2395.61 
8.81623 8.95516 10.3694 18.6705 671.051 
5.98985 11.9163 20.676 24.58 2241.19 
13.481 9.37636 19.3148 17.5503 1961.88 
5.54073 13.4235 25.9723 20.7818 1095.35 
11.6764 13.6917 15.3801 17.4951 781.23 
5.40412 10.7289 29.5515 21.7642 815.281 
13.8843 8.98969 18.9328 13.8421 1381.17 
12.1306 7.68121 15.4949 14.1859 2345.93 
7.93521 8.11749 22.9853 15.7701 2375.92 
12.7462 13.1606 11.4274 20.2652 1935.77 
13.1759 8.98972 16.5532 16.0866 1593.82 
5.96327 7.74786 23.9824 15.6949 1998.7 
8.81754 7.20061 11.7844 14.2505 1825.29 
14.7019 9.74515 23.7904 15.2323 1492.77 


Individual: 92
14.8404 6.26553 27.8557 19.4313 1649.82 
5.69742 14.6718 20.6646 23.2385 635.287 
12.7549 7.70682 26.2424 21.3168 1043.62 
11.1063 6.77849 17.1227 14.2256 2283.35 
9.5466 9.43135 12.7033 22.4315 1241.41 
9.09306 11.6685 13.1262 19.9969 1478.63 
14.2832 10.7193 13.9844 17.1093 523.875 
6.32037 9.03462 19.2144 21.337 2198.11 
8.05982 10.8584 23.9125 14.7818 827.36 
5.10008 10.1966 16.3056 13.2191 2322.84 
5.5344 14.1333 25.0936 24.2723 873.845 
7.43134 12.4808 26.5668 13.8917 2437.55 
14.9096 8.69191 20.958 17.7519 1906.18 
8.705 12.6809 17.1387 19.6238 2023.37 
8.35818 14.7495 11.7541 17.099 1155.71 
13.8027 6.20643 16.2597 20.5131 1061.13 
5.35722 10.5996 11.9414 14.6837 1765.33 
6.37063 11.4919 19.3112 14.2074 2011.67 
12.3179 10.9666 21.7776 18.8475 1898.34 
7.99611 9.74556 22.9022 19.5391 1346.03 
9.31645 8.19396 23.504 20.3829 1272.26 
7.39035 6.84747 12.5831 19.7791 1357.9 
12.5769 6.69927 23.9303 18.0253 1286.13 
7.53174 8.94271 16.9857 19.5675 1641.61 


Individual: 93
11.4096 7.65778 21.1788 13.6353 1707.86 
9.07707 11.6349 28.4339 15.1628 996.349 
8.4542 14.0251 23.1157 16.9599 2252.3 
7.23906 8.73942 21.6091 16.8543 2116.78 
7.38009 14.6098 14.0768 14.4777 674.561 
14.549 7.65081 24.7459 21.4137 753.436 
9.97644 7.44243 20.748 14.0946 1388.26 
14.3864 8.28467 29.6587 19.622 1180.43 
8.48037 6.01712 17.2496 24.2299 917.044 
5.92323 9.88522 24.1849 23.2284 2191.25 
11.691 13.968 20.4722 23.7013 2409.51 
6.64036 6.69863 25.5093 18.7999 2267.15 
14.6058 12.844 29.8752 17.2739 1128.19 
8.38864 14.9652 25.1541 15.3434 1935.52 
8.24665 8.48336 23.1548 16.9281 2322.79 
11.4227 7.40698 11.5787 24.1963 1359.87 
7.13744 6.35653 16.8639 20.9807 801.171 
12.4691 6.09723 16.165 24.0246 1250.01 
8.22712 14.139 28.1051 13.0655 1541.52 
6.72697 7.32767 19.9839 21.7897 2258.08 
12.4274 8.69388 20.2261 20.5293 603.952 
14.0048 11.3754 24.0408 22.2501 999.834 
14.9519 11.6563 25.5592 22.6819 1003.13 
14.9432 11.8082 28.5346 14.8417 1981.05 


Individual: 94
12.0159 8.84388 18.261 13.2292 1708.91 
5.69621 8.71692 25.8678 22.9295 2017.47 
5.62886 6.91899 20.0873 16.8281 763.304 
6.16818 10.9475 28.3457 21.8004 708.252 
6.64379 7.78545 14.8542 19.8142 827.989 
8.13719 11.8359 23.6268 24.4462 610.239 
5.21148 10.8354 22.8115 21.3419 2045.45 
10.8777 6.25713 17.9105 21.0134 764.835 
6.71922 10.2191 25.4894 18.7041 1832.68 
14.444 10.751 28.3114 22.7541 789.618 
8.29651 13.8998 14.4015 13.6023 1531.79 
5.3971 12.9458 21.9865 24.4991 1851.99 
5.24047 14.3401 23.7199 13.9742 854.983 
5.48114 6.75865 28.3117 16.1954 2434.69 
13.8248 7.6505 18.773 16.1134 1480.44 
8.47449 10.7298 29.9328 14.8504 1396 
7.93562 9.73006 11.9288 17.0726 553.659 
14.3341 8.50117 20.9434 18.0506 997.896 
9.78799 10.6822 14.7586 20.3365 1033.56 
12.4697 12.4033 20.1316 24.2112 1568.12 
13.0186 6.48652 21.4848 14.3808 2174.92 
9.54962 14.1423 25.5073 13.9094 1113.51 
5.05802 10.3012 10.7169 21.2238 1433.37 
14.3337 8.69043 22.6353 14.3918 1427.03 


Individual: 95
6.21164 7.34748 17.291 17.3344 689.907 
6.23473 13.1858 22.5398 13.9906 799.15 
9.60647 9.87466 13.8085 21.0042 942.805 
11.2478 11.0413 16.4069 15.5491 846.142 
6.34156 7.80365 12.5226 17.1001 1825.23 
6.56367 11.5831 24.4752 24.9434 1063.31 
7.72934 13.5704 21.4801 18.0402 1425.7 
7.20371 10.7756 25.5002 22.293 1884.83 
14.6912 12.7246 26.7974 14.1958 530.015 
14.4322 9.19196 20.0325 16.8534 1804.56 
8.95181 6.75284 27.1721 13.5827 1038.85 
11.887 11.4418 12.387 13.9346 1775.31 
11.7236 7.75531 26.4548 24.4767 1413.67 
9.32721 8.46122 29.2602 23.8064 2257.34 
5.8399 11.7675 27.0075 17.0803 2270.78 
14.4303 10.691 13.471 17.8431 1711.12 
8.23669 9.27164 19.5141 15.2434 750.617 
7.13424 10.2233 16.0864 16.4371 1380.88 
11.6831 14.9744 22.5199 14.8655 1978.87 
14.3591 9.65222 16.2653 21.3567 991.493 
13.5557 10.7992 25.166 13.6095 2146.14 
5.70395 8.81724 26.9307 13.6322 768.328 
10.421 14.6728 11.6804 13.0951 1690.8 
9.86968 7.75999 28.1355 17.1521 1267.54 


Individual: 96
12.3775 8.71415 12.1783 19.2131 2098.58 
5.83403 8.68337 13.5522 16.3808 1703.62 
6.79906 6.85172 21.5763 21.3928 597.622 
11.3448 9.20738 17.3557 22.2986 614.957 
10.9811 9.46042 12.5783 14.9798 802.326 
13.7519 9.00787 12.1971 22.3359 1468.99 
7.61955 13.1509 26.4168 20.8579 1973.5 
12.4277 7.05873 14.1032 18.1074 1643.09 
7.48625 11.3072 28.1226 20.6787 2174.33 
7.67736 11.9806 12.9974 14.5989 954.187 
5.22845 8.69005 24.3026 22.2864 1104.73 
10.3411 13.3759 29.5566 23.4655 1475.62 
13.12 9.64004 11.9554 24.5495 1232.58 
8.42686 10.4379 13.3953 21.3963 2446.8 
5.79273 13.1998 17.8873 13.1385 1012.95 
13.2341 10.4153 15.0328 21.148 2131.21 
9.54435 12.8183 18.5147 19.7612 1891.83 
11.2977 11.2051 24.6476 24.6849 631.852 
9.95323 7.96875 11.826 22.3419 892.062 
6.33684 14.2132 10.6177 16.2906 2260.4 
9.56346 14.0505 12.8036 15.6904 1893.16 
6.67692 6.31888 10.8803 21.5561 856.53 
12.1694 6.75 10.8221 24.9844 1624.53 
13.896 10.5459 28.1448 23.0873 1363.2 


Individual: 97
5.30118 12.1744 21.4419 13.7025 559.226 
7.77163 7.5 23.1867 21.035 1121.45 
13.9338 8.43981 29.0212 14.0332 2087.68 
13.5099 7.85872 15.6397 17.465 1142.3 
10.3869 6.63943 25.4317 14.1236 1176.1 
8.48433 14.0584 10.3246 14.5203 619.705 
10.15 7.68953 24.1 14.5039 536.208 
12.5401 9.3693 11.1606 21.9787 1203.09 
8.12699 8.37098 11.0101 15.1138 2391.92 
8.60059 12.1029 11.1757 18.2143 744.925 
9.59282 10.3747 11.396 13.3379 1168.4 
5.57498 12.7648 24.9402 23.7811 536.958 
8.72287 10.1152 24.4969 23.2438 587.61 
10.4764 7.58426 16.0764 22.7476 928.459 
11.8954 9.0975 10.2778 20.0668 713.122 
8.1014 6.68478 10 20.499 1554.79 
11.0826 7.35814 16.4889 19.7569 1809.29 
7.44144 14.2094 13.508 16.6898 612.466 
6.00531 14.5658 18.3864 14.4023 2051.58 
10.5408 12.4174 23.5856 23.7836 1925.55 
12.7139 10.5174 22.9301 13.1606 2429.65 
11.0154 6.30468 21.8756 18.7585 1099.01 
5.44564 10.271 17.3387 13.4026 1047.14 
9.81518 6.98611 24.6771 16.2146 1000.6 


Individual: 98
8.34563 10.2135 19.7799 16.6802 2108.99 
11.2008 11.0027 11.2088 18.6819 2240.04 
14.6924 8.89298 28.1077 18.2996 2298.52 
10.2343 14.0288 24.682 22.1667 1372.74 
8.0475 8.12147 12.0732 24.2535 987.249 
9.12782 13.0272 13.765 19.5851 1906.34 
14.3923 7.89083 20.7045 14.4157 2332.34 
5.55868 14.3465 13.5641 20.8968 881.128 
8.57182 13.6962 28.7455 18.5571 1066.88 
5.30421 10.8816 21.0714 24.7724 881.567 
8.93231 11.1859 13.6822 23.4261 2309.71 
9.99661 10.6485 11.4294 20.2191 801.816 
14.2186 6.831 16.5634 22.6347 568.475 
12.9783 6.93538 15.5051 15.0325 1138.55 
5.00274 11.259 18.2717 17.7673 1463.53 
14.3644 14.2888 24.4764 14.407 553.374 
5.95528 14.9604 15.617 13.2305 2214.03 
6.185 6.49467 29.9283 20.9011 2414.19 
6.74746 6.31736 26.8271 23.9128 708.333 
5.27358 13.0611 18.4588 15.0116 716.995 
5.73156 9.2207 16.3591 13.1593 646.533 
13.259 9.67475 11.7205 20.784 1394.21 
6.38561 8.26219 10.9025 21.1754 1029.49 
7.55038 13.8944 11.3751 13.1577 2148.71 


Individual: 99
10.7588 6.06197 17.929 14.825 971.642 
10.0077 7.87152 12.4354 20.595 1892.65 
11.2987 8.57561 22.5348 14.5453 535.723 
13.6311 9.99003 15.4554 22.4236 881.037 
9.2958 9.06339 11.3344 23.8593 1247.76 
10.2426 7.33433 14.8891 19.4902 1860.76 
13.3355 7.31774 17.0493 20.9656 1697.93 
8.00533 13.2177 12.394 18.8407 1570.68 
6.47247 11.7826 24.5733 21.9709 537.364 
6.78615 12.0652 25.006 16.3662 722.64 
12.4772 9.25276 22.164 24.1278 1463.47 
8.56613 6.67255 14.2509 13.4862 817.325 
5.84914 14.3954 16.0754 22.2595 2195.3 
14.5969 6.15406 15.6447 20.0284 1721.28 
14.3189 9.4446 26.6643 16.9519 755.847 
9.3441 13.2186 17.091 20.2336 2146.33 
9.54669 7.8771 22.1897 22.9621 2058.02 
5.52398 10.0164 15.8294 22.1168 817.38 
5.55021 11.6112 22.7075 19.4756 572.058 
5.86366 6.78856 20.7543 16.6439 2426.12 
12.8186 11.167 11.6839 15.2656 1424.54 
8.16508 10.7549 21.4866 17.9289 1153.9 
6.19312 6.84 21.8655 17.3503 523.764 
7.14974 7.51376 15.7717 16.9024 933.024 


==================================================================
====================================================================
RCGA iteration: 0
