INITIALIZATION
==================================================================
Individual: 0
9.73433 14.3505 22.648 13.2841 2381.94 
14.7306 6.25067 21.2921 13.3736 1284.63 
7.39795 11.1244 13.0775 18.0153 1599.91 
13.3809 6.07032 17.772 13.2211 916.49 
13.0306 11.2245 18.6507 16.5844 1320.95 
11.655 10.0304 13.4451 14.0242 1316.92 
13.0454 7.82107 25.2753 16.7103 554.687 
11.3834 6.22774 18.6728 22.6763 1467.68 
13.967 11.593 18.6992 13.2789 916.014 
7.86612 14.4982 10.7927 15.368 746.241 
12.1288 11.8898 12.9035 14.9787 1629.53 
6.96275 10.9596 20.2911 17.0259 1950.74 
14.5787 12.0258 14.838 15.2453 905.062 
9.71766 8.87017 17.5227 20.83 2067.37 
8.25118 8.42948 14.4981 15.7671 1948.16 
10.2102 9.90022 24.9116 22.5004 2295 
6.1171 12.4707 18.2763 18.6971 2296.5 
8.94247 14.9205 11.894 14.5644 2354.3 
13.6064 14.1027 24.2983 20.1038 710.353 
5.41812 11.3958 26.2844 16.3491 1221.17 
11.5199 10.7162 23.5923 20.8566 530.467 
10.8949 8.8209 10.927 18.328 1964.39 
11.7026 13.8008 10.1177 24.0727 1080.33 
10.347 12.2355 18.3147 23.9851 1659.16 


Individual: 1
12.1851 11.2646 15.3651 15.4924 792.001 
6.69489 11.8714 11.5097 14.5242 1052.32 
7.8815 6.77003 17.4027 16.9552 532.731 
9.22709 12.0224 21.0709 19.9365 1668.3 
9.65831 9.12729 10.3423 18.1891 857.68 
5.87549 14.3016 15.0374 23.957 900.721 
8.89722 14.7553 20.1935 24.3746 1264.08 
6.70155 7.57654 18.3721 16.5157 1532.84 
6.87903 14.8814 20.939 23.4903 999.665 
13.3083 9.14128 10.6831 22.948 1673.62 
14.1996 14.9893 10.0542 19.6842 1568.97 
13.1574 6.82975 16.9548 17.8015 1306.5 
13.5471 8.43146 10.4678 23.8921 606.222 
11.0031 13.1219 20.6141 16.5054 1762.08 
8.09481 7.30801 25.6005 16.0312 782.165 
5.65332 9.99138 13.3339 13.0728 1034.12 
13.6207 7.14452 24.6485 14.599 2461.72 
12.7012 10.9701 27.6332 15.7708 1108.53 
5.08921 13.6075 29.0975 14.0617 1246.3 
9.59837 12.5843 21.3529 14.6361 1114.6 
14.9172 14.0435 10.8595 22.1758 2277.82 
7.10156 11.1982 13.141 14.3858 956.515 
7.78631 8.61506 23.5097 14.1944 758.65 
10.5161 9.02744 21.8783 14.7657 1539.17 


Individual: 2
9.83975 7.53867 21.9595 13.863 2402.23 
6.8024 7.92094 14.6984 23.2277 1196.42 
13.6767 6.21106 15.1032 23.4719 777.781 
10.6002 8.47298 19.0691 23.4879 520.342 
11.3713 8.73085 16.7376 16.3881 1219.03 
7.06415 11.915 19.6887 13.55 2219.23 
6.17057 12.0611 14.7007 18.0227 2205.09 
10.1622 12.8849 19.8519 17.215 2336.12 
13.1194 9.7739 10.3034 17.0676 1322.24 
10.6681 14.7831 15.8402 23.6547 2132.54 
10.8115 13.556 16.1779 14.0733 643.946 
7.10429 8.42782 14.1825 21.9507 678.221 
8.55336 10.4749 12.6728 17.2563 1276.46 
12.5428 10.5796 19.304 19.7985 941.285 
14.8989 10.2349 18.1818 15.8389 2000.14 
12.1975 12.1687 21.2351 15.4869 726.029 
6.30137 9.34834 21.5369 17.1096 2191.2 
5.48077 14.2795 11.533 14.4509 853.043 
8.67474 6.43273 16.7229 15.5967 570.446 
11.588 8.72762 23.43 18.7967 1635.99 
13.3383 8.08739 21.8744 14.488 785.39 
14.807 8.71482 16.6397 18.2319 587.5 
10.8401 6.47835 15.2147 13.1205 1926.6 
7.40079 10.2511 16.2863 13.4347 837.58 


Individual: 3
11.833 10.1133 21.0852 19.3011 668.185 
13.606 6.77478 10.5898 17.7375 2015.88 
9.23244 7.35613 25.5078 17.2125 1120.91 
14.8997 12.5167 15.6661 16.536 772.688 
5.42897 12.9494 18.9115 22.7969 1892.86 
9.03713 9.86945 22.7167 13.0086 535.81 
11.4177 10.3615 24.1354 20.1081 1329.71 
6.26341 9.02194 20.6662 21.1043 741.356 
8.64825 6.97962 10.5337 20.9556 2382.83 
6.08382 6.80347 10.1329 14.4462 1139.22 
6.979 7.13874 10.998 19.7232 924.381 
11.2399 14.9109 29.8461 24.5455 721.916 
9.5498 6.14174 24.2366 20.815 887.135 
7.89971 14.4455 27.21 18.4575 2468.99 
7.83521 7.07187 29.512 17.836 2114.04 
8.81706 8.33421 19.1203 13.7018 642.157 
5.84432 6.91851 16.7584 14.1154 690.758 
10.1757 12.0674 15.3208 24.9465 1008.75 
8.97217 8.81804 20.9283 13.5543 628.302 
12.405 9.31369 12.5996 16.9648 1447.59 
13.9522 12.5511 20.1788 15.0845 501.805 
11.665 7.44025 10.0709 13.4723 1516.08 
6.69124 11.6084 18.8453 15.3776 1933.45 
5.72065 14.766 14.8409 20.8989 1425.67 


Individual: 4
7.52975 9.19305 29.7637 14.0145 852.128 
7.3388 6.58857 16.1316 22.2202 826.923 
1.#INF 7.39573 27.2277 14.8695 1675.96 
5.02556 13.6138 12.5655 14.3397 1620.95 
6.23905 11.4358 26.592 14.9363 1951.2 
9.0927 7.09434 13.5734 14.0581 2010.26 
6.04511 13.1312 27.2745 15.9911 1282.95 
6.27898 8.2992 12.455 15.8363 1448 
6.21924 13.0479 16.705 15.9778 1714.81 
6.08863 12.6126 14.9774 14.8026 2159.28 
11.974 14.6393 25.013 22.2234 2019.68 
11.7347 9.50715 10.6048 16.9023 1416.44 
10.3407 8.71113 10.9766 16.0455 1188.29 
5.106 14.6139 13.0389 19.3356 2345.6 
7.75654 9.7301 23.1289 22.0989 909.363 
7.83015 10.4107 16.9819 15.7461 1823.25 
14.1698 8.61563 14.7744 14.9756 912.767 
11.9217 6.81858 21.9929 20.4308 1596.41 
9.00538 10.6812 15.2131 13.6609 1595.08 
14.862 14.5659 27.6132 15.1071 1578.1 
14.5641 9.509 20.1948 16.6764 1852.19 
9.35581 7.26961 24.8818 14.1472 1378.91 
13.6142 6.621 10.1516 23.3526 783.119 
10.4346 9.6015 27.0285 22.0215 936.386 


Individual: 5
6.96923 9.33648 14.1712 18.4112 1197.89 
9.63873 7.88857 21.8873 19.7788 906.138 
6.17417 14.2482 16.8569 17.1025 575.171 
13.672 10.9806 12.2732 22.6494 2076.17 
7.13812 11.5941 25.5585 15.4178 2102.56 
13.1654 10.0169 22.885 14.0795 1363.12 
5.75452 8.06588 14.1885 20.4464 2195.23 
12.6966 12.8392 29.6748 14.5939 806.287 
7.60356 7.88848 16.0307 18.3897 1403.7 
5.18205 8.48768 22.8022 13.4941 1232.89 
9.4185 7.72594 22.1518 22.6477 706.06 
8.86039 6.22837 19.9034 18.3783 1996.39 
13.7153 7.50921 24.3598 18.084 2286.91 
6.16227 14.6924 23.5912 13.9881 760.33 
11.7309 7.4072 12.4609 18.8958 563.059 
13.3617 14.1485 23.3155 19.9945 1818.49 
10.576 7.69636 14.1999 20.1234 1684.93 
6.77549 10.8331 13.4905 14.9122 1720.46 
5.12121 7.8925 22.2771 23.1392 2249.18 
6.17662 7.26882 11.5504 17.6601 1301.8 
13.2753 9.47194 15.5835 14.6507 823.201 
9.08534 13.5926 24.9704 16.9719 992.851 
9.80283 6.71273 26.8314 24.9135 1997.08 
9.7225 11.514 12.6132 21.3567 1664.17 


Individual: 6
8.20992 10.4411 23.959 24.5563 859.334 
8.30249 8.75158 18.9254 24.1536 1045.32 
6.35761 6.9758 26.0688 19.2725 1030.52 
12.2584 6.52418 20.841 21.8758 647.746 
8.7919 9.22642 13.3477 15.918 2068.5 
6.13575 8.22484 28.492 14.0109 627.424 
5.11201 9.24258 13.0143 18.0487 1072.92 
13.3008 13.2623 16.3059 20.5608 2355.19 
12.8179 10.3133 16.9205 22.745 1153.89 
9.70857 9.04267 11.4015 14.4691 1822.52 
11.2572 6.36192 19.5157 18.1035 1463.73 
13.1357 8.5651 24.5833 13.0865 1140.89 
5.32006 9.08202 20.2289 15.9189 875.45 
7.58971 9.53582 22.8713 14.4624 1268.02 
10.7247 13.9442 26.8597 14.7825 788.374 
5.07048 12.4578 12.6952 19.2747 1967.28 
10.6561 7.46614 26.3601 22.3936 1184.59 
14.1121 7.30793 13.9578 21.5875 1412.38 
10.7546 12.5606 24.32 13.291 1710.22 
13.7574 13.0483 10.5576 13.5125 1415.85 
8.88825 9.72548 14.868 16.0675 1197.07 
11.9632 11.1904 11.7526 22.4719 2026.16 
8.4456 12.1039 15.3173 22.4564 2245.86 
8.13989 6.95011 19.936 19.2114 2093.16 


Individual: 7
11.3837 7.17652 11.91 21.1355 1126.16 
10.9075 6.06906 23.2465 16.4975 1065.11 
9.05824 13.0002 17.0021 13.7514 891.441 
10.4206 8.31737 27.4852 22.6082 519.824 
8.62414 7.84856 12.7538 16.1922 1174.62 
10.2085 6.30647 20.0921 20.6353 1515.35 
9.7236 7.99795 19.0546 24.3438 992.126 
13.4768 10.6517 21.1831 17.4615 1396.51 
12.0186 11.0945 20.2211 17.233 1035.13 
9.38739 9.18244 24.2473 24.3438 1619.74 
11.9027 10.6192 21.7546 16.8035 2320.13 
6.07162 10.5336 12.5723 23.9088 711.253 
10.0889 10.2909 15.4286 16.7128 2024.49 
6.29989 6.42468 10.4 17.7281 2339.55 
6.21619 7.72761 18.6802 18.5187 1744.61 
11.599 6.98394 11.3524 13.531 1740 
13.5779 12.9588 28.2436 20.4045 1243.85 
13.3361 8.38085 19.4768 23.3177 1066.83 
7.22233 7.10827 15.993 13.6295 622.416 
9.97239 14.919 25.2241 24.3607 1839.05 
14.3848 14.9785 23.6915 18.932 1123.48 
12.4502 13.9467 17.2817 19.2592 787.416 
8.88214 12.8162 15.3754 18.8655 1053.59 
7.53447 12.5102 16.6999 24.1403 1241.73 


Individual: 8
6.17402 12.7226 20.1541 18.3675 2382.03 
12.8143 7.43223 20.2325 16.865 1890.81 
7.47794 14.2282 29.4009 20.3475 1029.82 
13.3927 7.5053 24.4784 17.4594 714.426 
14.5501 6.08166 10.4567 14.5704 719.316 
8.61942 14.6462 22.9188 17.5248 2008.42 
10.2411 6.42897 27.1232 22.3127 1900.46 
6.17745 6.0382 12.5086 15.2772 836.223 
7.04738 7.61864 23.7232 19.7319 2487.52 
13.255 7.40128 15.0397 17.4138 791.805 
5.53629 6.77415 27.2654 16.0862 1442.98 
8.15205 10.7044 29.7357 22.7679 1576.13 
9.01319 11.189 10.2187 18.9317 1460.18 
7.00644 9.06 18.6479 15.0558 2038.32 
12.7553 12.1298 15.7474 23.3716 753.729 
6.87287 14.2788 25.9871 23.9843 570.082 
8.0686 8.53694 12.0389 13.8937 1232.71 
6.03175 14.2709 23.6201 14.813 1096.84 
13.8882 13.0975 21.0363 17.894 1496.68 
8.66093 13.9328 19.9259 23.5888 2236.61 
10.1465 10.0252 29.1381 15.3681 1731.47 
5.41307 7.37056 22.4253 13.1343 939.893 
5.60501 9.32512 20.0946 18.9475 2005.29 
12.4729 11.9254 24.677 14.6335 1994.89 


Individual: 9
12.6686 7.28289 28.6338 19.372 1053.67 
6.3261 12.9796 24.8766 21.8156 1022.89 
5.18519 8.83784 27.7112 14.5195 1251.08 
13.4691 14.7399 17.64 14.4451 889.905 
12.4662 12.8455 20.3433 23.999 2113.73 
14.9898 12.9586 19.0014 15.8326 735.999 
7.26776 14.6948 24.8349 18.0232 2067.43 
9.00117 9.23962 11.903 15.2379 1398.99 
12.2815 6.38402 10.1581 24.7388 1614.14 
14.2018 7.82326 15.0124 21.2006 2042.01 
7.74915 10.4739 15.2738 13.9571 567.841 
9.99192 11.6974 21.9614 24.7901 1992.96 
8.46997 10.4456 19.8725 20.2349 547.803 
10.1531 11.5024 28.2931 14.8568 2282.49 
10.2732 10.2357 17.6336 13.9504 2064.43 
12.9226 12.625 13.8142 14.7073 2420.38 
5.21952 10.456 13.7014 14.8851 722.549 
9.71374 13.601 25.868 20.6425 1684.46 
5.65587 10.2658 17.6827 23.7482 1468.3 
5.50221 6.23056 17.989 14.6286 654.035 
6.16104 9.53183 12.4828 16.2915 2290.23 
12.1288 9.45528 11.6848 17.1911 2031.92 
9.17582 6.0214 15.0209 22.553 876.652 
5.03125 12.615 16.3032 23.0453 996.272 


Individual: 10
10.39 11.7533 10.371 18.291 766.124 
6.12032 11.7055 12.8415 18.9927 1907.52 
5.55299 9.92297 24.3189 16.793 1712.12 
6.97983 11.1162 29.6683 14.966 2276.77 
10.6564 9.85733 14.3226 14.9996 1053.97 
8.24765 10.1582 21.7777 13.0107 1103.59 
11.2134 7.27365 17.1594 21.324 1301.07 
7.52232 7.52337 13.3981 21.6359 651.181 
6.51866 9.37848 29.0042 20.927 2074 
11.569 7.40801 24.0579 16.0915 946.386 
6.14201 9.67963 27.1343 20.0965 701.041 
9.55764 7.26327 18.5889 13.2555 896.04 
12.2213 8.0042 28.461 18.3182 1836.26 
6.11719 8.30927 13.663 18.139 1820.91 
14.8121 9.21596 11.1386 14.6223 984.988 
13.9028 9.1365 10.2005 24.4273 2326.17 
10.7936 12.7439 18.9818 20.0215 588.188 
8.04623 6.60894 18.9143 15.5447 1652.58 
7.20111 11.8161 29.0343 18.8453 709.045 
6.76471 11.8524 29.6275 18.1195 1226.84 
5.02023 10.4818 26.477 21.0511 1043.39 
8.68166 12.5404 28.9386 16.723 1563.44 
13.2276 7.54579 26.7295 23.5796 1518.99 
11.765 13.1995 17.4308 15.0388 1936.32 


Individual: 11
10.6684 7.93062 11.642 19.9942 1234.04 
8.19131 7.30451 14.79 23.7508 2003.89 
9.45325 11.2601 13.6543 18.4295 708.517 
6.33426 6.25584 24.8577 13.6928 2172.71 
13.1319 12.1701 19.3277 14.4352 1900.95 
11.5244 8.75205 20.0227 21.4406 1456.25 
8.95255 7.76149 27.1751 22.1536 937.71 
5.14488 10.3233 27.6846 24.5325 754.161 
5.84213 6.70773 12.0551 23.3873 1364.53 
8.68415 8.04046 14.3428 18.5732 726.722 
12.1373 10.7356 11.4926 22.1099 2453.56 
6.53517 12.566 13.9586 13.4424 908.666 
7.23968 7.6058 19.0914 15.4842 1025.2 
11.1983 14.3161 12.1378 21.4037 789.427 
12.8833 12.9437 21.7146 16.5048 1091.58 
11.3636 9.86649 16.7583 17.7768 1318.51 
13.058 7.38325 23.2379 23.5513 2181.63 
13.8537 6.35464 13.0371 22.9893 1315.89 
6.33321 13.7328 15.2416 17.8457 1017.8 
8.41253 10.1094 17.1195 23.6143 745.677 
7.63729 9.51699 20.1283 22.4153 591.266 
7.57853 10.9291 18.858 22.5892 963.585 
14.2315 11.6924 14.1687 17.4764 1088.79 
6.05232 8.96665 28.2814 16.6258 550.562 


Individual: 12
12.9059 8.54849 20.7343 18.4121 991.06 
7.93232 8.7728 19.3611 20.1799 1617.05 
8.72014 13.7153 13.7331 13.8757 2020.28 
9.82967 8.7649 28.5426 17.8175 2244.3 
5.409 12.6993 12.1585 15.1734 1006.85 
10.5642 9.33034 23.6113 13.9212 705.363 
14.7637 7.2305 25.651 23.7043 1668.97 
10.1821 14.2335 11.1328 13.4063 702.534 
9.21594 8.3466 10.9141 24.9316 2282.4 
7.47712 9.9238 21.3254 14.712 2237.94 
10.1958 13.8927 27.3426 20.3033 1042.2 
11.8981 13.267 25.797 21.3703 1243.05 
11.6438 8.1163 11.477 22.0103 1280.5 
9.72157 6.0078 20.7273 24.8898 738.085 
12.7891 13.0748 12.4831 24.6529 1481.47 
11.1946 8.282 25.7697 17.6482 819.084 
13.4344 10.2894 28.0837 14.3211 2418.74 
8.68027 6.90926 16.7393 13.6667 2116.35 
6.35943 7.73114 17.2939 24.6446 1301.01 
10.3467 7.52535 17.7623 13.857 2300.41 
10.3229 8.92401 12.6717 13.834 1400.21 
8.93765 7.728 24.6032 15.0414 941.549 
9.06873 9.32036 22.8725 17.8762 1245.47 
7.08128 13.1846 22.8739 15.3941 1533.11 


Individual: 13
6.84006 7.25852 19.2008 15.1214 2041.7 
8.20413 10.858 28.3481 20.2614 2314.39 
6.50879 6.92124 26.7172 13.5711 1921.57 
5.00762 11.6689 15.4547 18.061 942.311 
8.15403 8.04401 18.5613 22.0693 693.094 
12.1599 13.8616 23.968 13.8747 1448.6 
14.0413 13.3215 24.0208 24.1791 2387.5 
13.5819 13.7618 21.1628 21.2204 1555.38 
5.98494 6.54804 24.5491 13.9365 936.78 
5.72767 14.0258 13.4481 24.9204 1767.87 
11.7693 9.14177 11.2412 20.9562 1536.72 
12.3782 12.852 12.6545 15.6457 2158.46 
8.10193 9.78425 14.4995 17.9676 669.531 
6.24615 12.1764 24.449 18.3782 2450.39 
13.4503 6.09636 15.4381 20.256 1308.38 
11.2081 12.2201 19.6904 13.7002 1315.98 
7.94974 6.46558 23.633 15.1067 1758.31 
10.0736 10.9291 13.2519 23.958 1844.03 
5.27648 6.79457 21.6368 24.1438 975.35 
6.15597 9.71427 10.3184 14.8518 2423.55 
13.5279 10.5282 10.6521 18.4557 2449.01 
5.42504 8.05182 19.1822 16.3465 2369.34 
6.80421 6.33854 22.7137 15.9054 1218.53 
11.0633 9.04707 23.6061 24.7328 1269.35 


Individual: 14
6.90994 13.872 23.8121 18.8415 1636.78 
9.76249 14.759 20.0409 19.2833 2374.92 
7.29547 10.4055 16.0966 23.5953 1265.44 
12.8041 9.29914 15.3282 17.126 1797.73 
9.61557 8.46464 21.2232 20.3177 1759.8 
8.43537 7.7474 25.7951 14.0014 655.01 
12.7436 12.2623 19.8762 19.5567 924.591 
9.02662 9.53242 21.3151 20.9306 1330.29 
13.5819 8.82281 10.227 14.3107 1787.7 
7.02516 9.57573 11.3938 13.9322 2383.48 
8.75614 7.22785 15.0454 17.3749 1697.2 
8.51913 11.8023 12.7245 22.0829 988.277 
14.1185 10.0187 14.1077 13.6026 1917.2 
12.3694 6.39232 21.9031 17.2897 890.43 
12.4074 6.18667 13.0487 24.8968 2143.82 
7.72921 7.55925 14.9539 21.8218 1376.57 
9.1812 6.01158 23.7021 24.6092 1431.74 
9.57556 9.94539 24.0361 16.1691 2217.09 
9.7482 12.5037 12.9772 15.641 1266.17 
8.04361 6.07131 23.6146 21.9877 1945.16 
10.7493 12.7093 29.7262 13.2924 2255.14 
6.38078 8.25067 13.0649 16.3025 1228.27 
5.59232 14.216 18.0903 22.5675 2131.79 
6.86727 14.8132 17.9554 21.7575 687.267 


Individual: 15
14.085 13.9839 24.4525 20.9237 1727.09 
5.67308 9.83671 12.1933 20.3973 2069.47 
11.7879 7.71053 18.1819 23.2615 2440.99 
8.15396 13.0498 17.8221 14.6109 2438.28 
11.1027 6.6207 12.0855 23.5051 1743.08 
5.24892 9.52963 10.7428 15.0365 1531.21 
5.45005 12.4133 11.3955 13.7936 1655.67 
6.6037 10.1478 10.7097 17.3661 678.487 
9.54953 13.7048 14.6377 16.7991 1997.61 
13.8577 7.21108 21.0561 19.5608 775.097 
13.3281 14.4191 10.36 24.4757 2483.57 
5.91161 10.4589 20.6334 16.8161 1.#INF 
14.4212 9.12116 23.0524 20.7816 2249.77 
10.7379 9.51831 11.4049 15.4142 2032.83 
10.1081 9.2199 16.0138 15.7772 1482.23 
5.70685 9.95376 17.3849 21.0393 1769.82 
9.86641 6.4162 27.6987 21.4112 2429.91 
14.8605 10.117 16.3616 18.0821 1557.39 
8.34171 11.1629 10.689 15.0312 540.167 
11.9599 7.08797 13.9671 18.9243 2106.88 
5.62103 11.3458 11.6691 13.5693 2044.92 
5.68985 10.9797 20.038 23.2705 764.056 
12.1188 13.5706 27.193 17.8612 2052.65 
11.7268 7.0814 11.5686 22.841 1758.9 


Individual: 16
6.20799 12.88 16.3741 17.575 2158.43 
8.9369 6.22039 23.9473 17.9753 962.844 
9.67976 7.99702 14.5473 21.8414 582.21 
11.2162 8.46488 10.4995 19.9548 2159.28 
13.7994 12.0048 22.0127 16.479 2083.52 
11.284 13.3174 12.6532 16.7241 1673.22 
10.5581 10.3077 28.661 14.5903 1896.1 
9.77663 7.80674 25.2824 13.8456 1400.2 
14.7006 9.81112 10.0979 16.9019 2081.48 
11.8283 12.6238 22.0576 24.7365 1594.28 
5.46727 7.00886 26.0065 18.8512 1198.01 
12.1098 8.1903 22.5986 17.5229 2387.78 
10.0774 6.80911 10.4921 13.1169 2250.09 
11.759 6.20195 24.4593 18.7026 1821.79 
9.43922 10.7071 16.0959 20.3417 1769.35 
9.15195 12.8929 13.2702 22.9148 1906.5 
8.13985 6.17148 22.0062 17.2001 582.218 
14.8293 13.7291 23.1639 23.1964 2245.24 
12.0925 6.93711 10.1387 15.1367 1097.72 
9.1336 13.9931 18.8476 23.3716 1077.44 
5.60927 10.9538 14.1491 14.0184 1414.3 
7.3097 12.0684 19.1673 21.2449 1864.24 
7.19163 14.0392 22.0214 16.6906 674.658 
5.73015 13.4575 17.842 14.0083 738.185 


Individual: 17
8.5488 8.13794 26.265 22.1304 1561.15 
6.30686 10.248 21.6431 22.0381 881.67 
9.37026 11.6742 28.2553 18.6711 2465.12 
6.24205 8.99143 12.2946 16.4872 1645.16 
5.65344 6.50374 16.8349 13.3037 502.685 
7.7357 11.5179 19.6775 24.0471 2408.2 
5.82544 13.6524 11.4679 22.6885 566.961 
8.60934 13.8197 20.0028 22.4733 2361.89 
11.2382 9.66413 19.0196 21.6933 2064.31 
11.5597 13.2 20.3588 14.6616 1803.79 
9.32708 7.33447 16.3513 20.5181 1885.99 
12.8752 13.1224 29.3271 21.8698 1216.8 
13.6937 14.0067 14.7339 16.5867 1650.37 
13.2628 12.5203 11.684 22.9465 1692.96 
11.0189 12.9077 18.2749 16.4234 1892.99 
7.51462 6.02127 15.7922 13.0213 1358.62 
5.00984 10.3211 12.3837 22.9849 1273.29 
8.5813 6.01415 20.1188 14.9408 1035.26 
9.01293 10.6641 18.4126 15.6731 911.189 
14.2017 7.24419 23.4818 24.4903 770.689 
9.83677 13.3669 14.673 20.6001 2135.88 
6.73149 10.2579 22.7959 18.567 1844.38 
11.0594 12.4184 11.8272 15.9122 805.399 
13.7098 13.6737 11.3855 16.5919 1276.59 


Individual: 18
6.23562 10.5025 15.9775 14.9048 2022.61 
6.36983 10.4472 25.4359 17.1453 1628.73 
5.40524 8.67642 12.7424 16.0531 1316.89 
5.00102 14.812 27.0581 24.7327 643.057 
6.08659 6.30372 26.2996 23.6341 1305.87 
10.4943 9.43633 27.7924 19.0312 972.326 
13.991 10.11 10.2758 13.5263 1949.81 
10.703 12.8762 18.8357 17.4549 1355.76 
13.9433 14.9074 26.7461 13.8931 1479.19 
5.701 6.35538 25.1688 16.3433 911.919 
11.3334 14.2886 25.1463 23.3635 2486.98 
13.4258 7.51991 16.0485 22.0256 2186.04 
14.6703 8.0205 10.1242 16.1577 1829.55 
11.139 8.64561 21.4745 15.168 716.273 
5.671 6.42001 16.4248 21.2006 1102.7 
9.68755 9.80911 11.29 16.3088 1213.88 
8.29505 12.8806 18.9817 20.7662 1203.11 
14.6098 7.32665 13.8888 21.7865 1618.34 
10.7807 11.2811 22.2874 15.9987 1468.87 
11.8894 14.4616 10.727 24.9991 1554.45 
7.35684 11.5767 25.2038 13.9279 2355.79 
9.58605 14.2201 10.3423 18.1474 554.653 
7.27443 6.18319 17.0042 22.2483 1264.39 
8.82536 12.1552 24.6245 16.3406 636.857 


Individual: 19
10.8457 13.561 10.3397 15.4134 1544.7 
14.4814 6.307 25.2481 24.5931 702.474 
6.81674 14.1123 12.7821 17.9646 1944.66 
13.8091 10.4871 24.5974 18.7822 971.738 
9.28681 9.1927 18.9834 20.7086 1097.79 
12.9414 10.7791 16.6948 23.8576 550.371 
9.67914 9.55185 26.1624 19.1808 1373.09 
5.85635 11.201 20.4378 15.3783 848.173 
10.796 13.5644 15.4226 19.0776 960.934 
12.0502 10.6051 14.4532 14.7399 2084.22 
13.5712 11.2592 17.3213 20.3254 930.387 
8.829 10.7246 14.1599 19.2747 1137.18 
14.2414 13.2972 27.0954 17.8868 1970.57 
14.2158 10.8744 15.8172 18.8985 1645.51 
10.809 8.71351 14.3193 16.161 1748.63 
6.64702 13.539 29.5128 19.4426 1436.59 
11.3845 7.50397 12.209 19.0292 1210.29 
12.3067 8.40726 16.9377 14.4476 2054.45 
8.91076 8.44842 25.6966 18.5094 767.518 
8.34459 7.7653 28.1449 13.3367 1895.39 
12.7031 6.03128 19.3182 22.7997 1976.78 
9.99575 13.8735 26.5882 24.4293 1497.64 
12.2488 10.5367 13.0656 16.847 2055.28 
12.236 14.3526 25.4529 23.9664 898.981 


Individual: 20
13.576 13.4714 15.4412 23.6076 2079.18 
9.95221 8.07451 13.9896 13.2204 575.426 
12.305 14.3411 21.0883 15.273 1826.37 
12.4217 13.5656 22.2794 17.1448 2011.19 
7.73877 9.86798 12.1871 20.1063 2304.82 
5.47488 9.79165 24.2805 17.97 1685.08 
7.55401 10.0173 16.3887 18.0763 1401.46 
12.3702 8.91774 18.4084 14.0085 1258.13 
6.64107 10.2801 12.6817 19.414 2130.73 
6.34438 10.3073 28.9381 14.5491 1404.51 
14.7496 10.4522 15.8469 13.0953 2413.42 
6.59705 12.3521 24.7048 23.9928 1389.32 
5.38874 13.6771 13.268 13.8855 2348.81 
7.23948 8.24672 11.2675 18.6858 1661.57 
7.76286 6.0049 15.6425 16.6338 2093.54 
11.8148 8.6836 10.2246 14.8255 660.653 
10.3117 11.0856 16.7877 18.0789 1047.49 
11.4334 12.2501 24.1453 24.1248 1088.29 
13.7913 13.0115 21.5448 16.124 1076.06 
5.38362 9.27953 20.0091 18.9691 1462.91 
7.35522 6.02967 12.7568 18.0391 2217.67 
6.9242 9.36692 24.2667 20.4861 776.275 
7.60176 12.3756 27.9933 13.7115 1610.97 
5.71458 7.48841 28.7777 21.1386 1586.15 


Individual: 21
6.9066 9.96636 23.6052 20.0914 1513.52 
12.0637 6.74314 11.4577 15.4428 2250.59 
10.7609 6.13682 11.5418 15.7203 1216.84 
10.8003 12.9754 14.6927 21.211 2307.88 
7.69719 12.0492 11.5913 24.3754 732.099 
7.40406 11.5476 19.8856 24.4301 646.885 
13.4608 10.5146 15.6972 24.8183 2161.25 
10.0284 6.19384 19.9504 17.5942 1040.94 
6.25548 10.9161 20.2755 21.7946 2333.55 
8.89598 10.377 22.958 13.5544 1604.28 
7.89341 9.85857 10.7323 14.0457 2342.13 
11.7777 11.3162 21.9531 16.0357 1585.84 
8.08262 11.6797 10.9081 19.3772 2352.35 
10.7715 11.989 15.7248 14.9037 593.03 
12.8353 7.21164 17.4609 23.7142 1799.08 
6.00421 9.87849 24.7197 24.3878 603.706 
12.516 10.0958 22.8691 13.5279 1719.82 
11.083 8.58892 23.3938 13.6642 1728.64 
8.59125 7.39571 10.0016 18.2993 1485.54 
8.11555 14.2369 17.7699 20.1506 2061.4 
14.8334 7.17469 13.6857 15.9478 1428.75 
14.5035 8.70424 27.7874 14.0134 2301.54 
8.83551 11.1047 21.8174 20.7667 2428.82 
8.6847 6.1515 14.7188 14.1916 1236.79 


Individual: 22
13.226 9.66263 28.7265 18.6547 2308.64 
9.43609 6.93049 10.7652 18.4865 1459.6 
11.6584 8.15296 24.6491 15.1287 2231.33 
14.0251 12.7437 22.0584 21.5108 2049.87 
7.06897 8.64341 27.2234 22.438 726.959 
7.81936 12.2802 25.7474 15.0619 845.674 
6.11863 14.4574 27.6009 20.6698 1518.77 
6.76671 12.6018 28.5075 15.8927 1935.08 
6.02505 13.4621 22.7832 13.3983 1866.92 
7.57586 11.2223 12.7294 24.8219 1144.36 
12.7404 7.13392 21.0133 14.0727 1667.94 
12.8285 7.01747 22.2724 13.0618 992.756 
8.90255 13.8881 19.7858 19.737 885.965 
7.37019 13.402 28.2131 20.7921 1323.14 
12.6735 9.66309 29.8273 24.0434 1000.34 
13.977 10.7027 13.1416 17.4273 1721.53 
8.57477 10.2534 12.0824 16.154 2169.97 
12.0371 8.8379 17.3569 15.6519 1218.9 
8.22058 11.8611 12.8849 13.7364 1888.47 
14.1071 12.3883 18.7762 18.0294 2475.14 
8.4295 12.9319 22.6417 14.0197 2084.44 
7.91838 8.65162 22.0595 14.9227 1667.3 
8.79293 13.9485 25.3464 17.3136 612.625 
10.7241 9.24017 13.0217 24.2669 554.894 


Individual: 23
14.1695 13.963 16.7527 16.1805 1994.83 
8.65193 13.6915 10.878 18.8791 1295.93 
6.17922 6.76049 14.2181 17.0721 2421.55 
5.83333 6.19853 11.5078 24.3736 1285.29 
8.33624 11.0924 16.9126 21.4058 2318.61 
8.77656 10.0198 28.8095 13.2501 1951.5 
7.6199 13.5423 27.2037 21.8682 2262.69 
6.44825 11.9558 28.7981 21.4929 1285.31 
12.1895 8.31148 16.7774 18.3404 1667.4 
10.0647 12.476 15.3535 23.017 1866.96 
13.0055 11.1232 26.2529 21.0806 1804.12 
5.83271 9.10397 20.4789 13.6394 2169 
13.1802 11.1972 18.4449 22.5282 2315.31 
9.17774 12.2105 10.7088 24.0331 1059.05 
9.69495 7.40372 20.001 13.0307 1627.83 
8.30737 14.8434 26.0402 24.2195 1876.83 
6.48945 13.5465 28.1038 15.8531 1696.87 
5.82326 14.5809 12.2711 16.5533 844.792 
14.5228 6.91026 14.5024 21.8511 1426.73 
9.43311 11.8783 11.9849 18.7686 878.201 
6.58562 13.4063 13.9338 18.8211 1545.18 
7.06573 12.2836 18.5781 16.411 1878.95 
8.68891 13.8257 16.3005 15.5851 1625 
9.80242 13.3684 29.9443 17.168 1059.72 


Individual: 24
12.6753 13.9007 11.6133 23.0768 1356.25 
10.8276 12.4653 16.9259 23.3495 1789.1 
8.54317 7.06397 22.0212 23.6956 1536.17 
7.73004 13.7189 20.3187 15.5259 537.749 
13.0545 7.42304 17.5308 13.244 1762.75 
12.5542 8.25774 23.5666 14.3051 2461.98 
7.73283 7.64937 23.8431 13.0073 1035.72 
9.16313 8.21959 15.9358 24.8837 738.019 
10.211 8.28576 15.3941 18.657 1694.97 
5.57189 10.3445 28.4731 14.2024 1673.97 
6.39871 8.23013 10.4765 22.9389 1894.17 
13.3363 10.2 16.2507 18.926 506.966 
7.69945 8.66627 28.8658 16.1241 2007.15 
9.29699 9.74335 23.3734 14.2581 667.168 
5.08266 12.6765 28.1275 21.6861 747.986 
6.11696 6.07645 12.2053 23.4827 1145.34 
5.30207 8.4162 29.5287 18.0358 1895.3 
9.40301 9.75317 23.4185 21.7984 657.642 
6.33123 13.4475 17.1679 22.3563 559.358 
11.1693 13.053 11.0998 14.1634 1293.87 
12.2222 11.8322 10.8042 21.9706 1717.04 
13.1312 9.00676 10.9442 19.6051 1990.42 
5.52141 10.7736 11.4066 13.9926 1221.07 
12.1801 9.10187 20.6719 22.9856 760.131 


Individual: 25
7.06782 8.98639 16.7805 21.0833 2162.99 
9.93188 13.2911 13.0333 17.225 1403.26 
8.01027 11.399 20.5929 14.6046 1327.64 
8.42819 14.5195 29.2433 14.4997 634.801 
5.41163 12.4792 24.6498 15.3577 2284.1 
8.67972 7.2822 14.1487 18.876 1061.33 
9.98208 8.44242 19.8044 16.8019 2422.84 
5.19538 6.09916 25.3318 13.036 522.153 
10.5569 9.06984 22.4155 20.723 917.445 
6.63512 14.1546 27.7298 13.1192 795.038 
12.3376 8.45088 13.5162 13.1738 2105.95 
10.3398 14.3483 15.8546 20.3501 2028.36 
14.6664 7.12218 24.3858 16.5885 1026.6 
6.09757 9.40201 17.4971 20.3041 1015.4 
10.3712 13.8184 24.8937 20.441 678.831 
7.33126 8.26693 17.6387 16.2043 778.992 
9.05009 13.3537 11.2425 21.9441 2084.07 
8.15322 6.58992 17.0551 15.2471 2103.13 
11.1413 14.1158 11.4931 21.4263 822.925 
9.46839 10.8795 21.0217 16.9261 780.35 
9.37704 10.7374 16.9864 13.0446 2176.96 
12.8641 12.862 28.6147 14.9829 1252.87 
6.53324 13.1455 11.4835 19.3774 760.856 
8.38308 10.4685 16.1559 17.8143 1748.92 


Individual: 26
6.22614 10.699 29.7671 18.5283 719.454 
11.1117 13.8274 23.7465 13.9352 557.424 
5.45389 9.69958 16.8529 20.2523 1681.61 
12.0733 13.2 27.7826 21.352 1342.43 
9.81217 6.21372 11.5589 22.4348 1546.73 
13.8046 6.65261 27.4454 24.2612 1324.03 
5.00316 6.8392 15.6223 15.0293 1347.36 
11.6723 8.20332 11.287 13.2313 546.539 
7.70213 14.7453 12.7256 13.0116 2449 
12.668 7.63224 29.0304 17.2518 2476.79 
12.9714 13.5489 25.7406 24.9651 2313.93 
12.8589 9.87192 12.6051 18.752 1688.13 
7.93278 10.8793 14.6929 14.1566 1815.63 
7.45558 14.2168 16.0135 17.5583 1730.37 
13.1346 12.6905 25.9081 13.9557 1230.65 
9.11471 9.91351 14.032 13.8293 2074.29 
14.9565 9.45722 22.377 20.1538 722.927 
11.4716 13.2296 28.9647 22.5027 1787.21 
9.72943 12.4672 27.1664 14.0363 1928.46 
11.1137 7.6128 13.7808 24.4888 1587.51 
12.4162 8.75827 15.5134 17.3955 1648.31 
7.00661 13.122 17.3826 14.4196 1805.79 
11.8787 7.8312 20.7727 22.6033 2354.06 
6.30758 8.90205 14.2944 14.1963 1243.47 


Individual: 27
6.09848 12.8811 13.7777 16.5206 1253.66 
8.09374 7.89523 10.6126 16.5668 1421.63 
12.739 6.78648 20.1204 16.147 2013.91 
11.8585 11.79 26.9571 20.9795 1061.22 
6.64787 13.5825 23.2452 19.3535 1613.04 
14.1631 9.25959 20.6451 17.6906 726.178 
6.07349 10.3686 29.143 15.525 1345.91 
8.68056 7.83822 16.7278 20.1148 569.509 
5.62527 9.44534 17.7675 24.2087 1901.52 
6.39993 7.89709 17.4416 18.3514 1664.33 
7.09227 9.30105 26.0356 14.54 1126.35 
8.05334 7.34982 14.7191 20.2626 823.093 
8.39418 14.966 10.8771 16.733 1747.08 
14.2267 6.52074 27.4256 16.3303 1199.62 
10.7937 7.15509 10.4671 13.672 996.475 
6.82728 13.6941 18.1764 15.5837 971.928 
7.47441 7.57708 19.725 15.8693 694.197 
6.55154 14.1352 25.0977 18.3621 1979.04 
6.59734 12.8149 29.4457 24.2907 1423.97 
9.95621 6.50411 22.8996 18.8246 534.941 
11.5011 6.92572 15.0814 20.0172 571.546 
11.5662 8.21073 12.987 14.1005 2497.22 
12.4233 9.12447 11.2286 16.5444 703.945 
10.6847 14.2553 21.8817 13.4796 1174.44 


Individual: 28
7.50053 14.4436 24.4662 13.6946 1810.57 
9.57475 7.46501 20.7895 19.7463 1220.91 
6.1908 14.2343 26.4624 21.4843 744.821 
10.1942 6.00065 28.8677 18.6188 2270.07 
5.99902 8.97919 12.3501 17.6555 2202.13 
9.75521 8.0063 24.0916 21.5646 1907.46 
6.8246 7.20419 21.479 19.642 1386.53 
6.20923 7.71969 10.2318 16.286 2354.57 
6.21083 7.01139 26.8981 15.8794 2216.31 
10.2883 8.91182 12.7407 14.9453 846.244 
6.12671 10.416 18.3933 18.6347 1893.06 
5.3392 12.1319 24.2091 20.4173 1118.01 
13.7169 12.0692 17.8641 18.4438 2145.59 
10.2155 8.32165 29.6589 20.8876 1530.38 
13.4211 11.7052 18.994 23.8375 741.163 
7.42353 10.3952 16.995 13.1144 1481.41 
11.378 13.3267 14.7186 18.6399 727.966 
8.3533 12.3463 16.5434 18.7674 2467.68 
9.7677 8.48775 23.4797 22.5389 709.504 
5.37194 13.2062 28.5315 19.0432 2359.92 
12.3647 13.6931 15.2149 22.3137 831.786 
10.9429 12.1039 16.0344 13.6038 601.426 
13.7296 10.2105 17.9298 21.7654 1202.46 
7.51739 14.6585 22.6518 14.2448 574.479 


Individual: 29
7.7522 11.6277 10.0649 23.5019 1015.05 
7.90641 10.8984 19.1103 23.1642 933.474 
5.04163 14.7097 22.2473 13.0491 988.835 
9.82615 13.6806 23.6778 15.5262 1204.33 
14.922 9.79732 23.7844 16.3159 2453.72 
7.98102 6.0216 16.0758 24.6749 1895.89 
7.39609 8.90194 29.1509 15.7362 874.953 
7.86712 12.8318 18.4903 15.0925 891.563 
9.45288 13.9038 29.4577 21.625 2343.9 
11.8865 10.0643 12.8849 24.2539 663.284 
5.63306 7.19403 11.777 14.8665 759.068 
10.8511 14.5121 29.2962 20.847 2187.46 
12.5452 11.029 27.5781 20.7127 1794.84 
13.5462 10.6524 14.7814 16.429 1583.63 
6.49184 13.3249 24.9119 20.0045 2133.07 
7.38225 12.6514 18.7707 23.3423 1439.19 
6.27336 13.5589 21.1517 20.8495 649.057 
11.2911 11.9699 17.0054 19.8526 1916.31 
12.1131 11.6439 24.7023 16.617 1918.31 
12.307 7.6296 25.9428 18.08 1546.03 
9.20013 13.7265 16.1111 16.0222 1273.93 
8.15789 10.1523 12.1453 13.1776 916.708 
8.48817 9.2639 28.0175 16.8704 1951.27 
13.0548 8.33699 27.6316 18.7368 1262.9 


Individual: 30
11.9304 14.0034 15.3049 14.5589 1516.8 
6.23757 12.5432 10.0238 22.7355 2338.34 
14.5332 7.79034 27.7372 17.3548 977.255 
12.5222 7.51028 28.4507 13.5879 1235.26 
6.56218 8.32003 29.8185 19.9597 852.216 
7.78076 6.10847 19.3802 21.816 2076.13 
7.4157 12.7976 20.6493 20.2504 1158.97 
6.14947 14.346 10.0436 16.5651 1276.43 
9.35329 9.90471 27.2893 13.0057 513.585 
14.4772 10.5236 23.1887 24.513 2444.13 
14.8575 10.3532 20.1916 19.187 1175.65 
6.52399 14.5668 24.5231 16.6032 722.39 
7.42646 6.02722 19.1241 15.9105 1626.9 
8.42549 6.90785 21.1326 20.276 2019.78 
10.6569 11.092 21.6225 19.9368 2350.23 
11.8232 6.42549 22.0705 20.8587 2228.12 
12.2536 7.80053 12.7556 17.5094 641.87 
5.99275 7.29411 18.0614 19.9098 707.786 
11.1388 10.0339 18.5149 24.6049 1097.71 
9.41364 10.8524 22.2704 21.3492 2127.45 
13.2367 12.9993 15.4885 24.0024 2264.71 
10.9071 6.67253 11.7094 22.746 866.957 
5.23986 8.10275 21.3571 15.0995 737.395 
5.1751 8.06996 24.7038 18.2243 821.052 


Individual: 31
9.40852 6.05378 19.0805 14.1083 868.501 
10.6279 8.28456 16.2215 19.671 1880.62 
6.36854 7.48132 28.236 21.6207 2101 
10.2995 10.4725 14.9853 23.7372 1474.99 
14.9784 8.76329 14.7252 16.0791 596.522 
5.67368 12.3702 22.0194 16.3866 677.169 
8.5667 7.15717 25.8184 21.7059 1659.8 
13.0814 13.8243 28.9429 17.6072 1583.52 
10.1707 6.92611 22.3758 16.8002 1330.65 
14.8553 10.7261 22.9781 19.0478 2340.18 
7.7754 11.6012 13.8672 19.2256 625.47 
6.55133 8.17432 10.602 22.1695 860.516 
8.73469 7.90681 13.4065 20.9856 1602.45 
10.9632 11.068 12.2128 22.3867 1933.56 
14.1589 8.27214 16.3524 22.4281 1016.14 
7.98472 7.43387 26.9947 24.8915 704.65 
7.77377 7.36368 25.4028 13.6942 2162.93 
5.65096 12.5682 18.5124 13.6484 1298.03 
10.1385 8.212 20.0425 24.0267 2083.44 
7.33374 12.6545 22.6518 16.9454 2415.26 
5.36284 12.1103 23.3984 18.7847 1150.46 
10.6571 6.75218 17.8707 13.3506 1767.27 
11.1325 6.96717 17.7227 13.809 2432.57 
13.092 6.46727 12.3413 22.7431 2492.27 


Individual: 32
13.1221 8.11286 19.7053 22.0262 1449.03 
12.0758 13.658 29.5251 18.6131 2479.88 
7.29536 12.0979 19.2585 24.0429 2368.55 
12.1094 10.9152 10.0527 19.6289 915.458 
6.77148 6.20508 13.8038 13.4846 1261.11 
9.6916 10.5967 25.1928 21.7327 1377.83 
7.74279 13.2907 23.9293 22.8547 2308.24 
5.54619 11.2506 24.9713 23.4559 1527.74 
13.0708 13.7848 18.9474 15.5684 1629.95 
11.3838 11.8797 11.4807 21.3473 1012.32 
7.18803 10.7549 28.5011 19.506 1122.85 
14.369 7.89492 17.8507 13.1478 1464.81 
6.45634 7.2706 23.6763 16.3039 2480.25 
12.4881 14.7278 26.7474 20.0652 1469.96 
11.9957 11.1118 12.9611 16.0393 1397.66 
9.92916 13.2084 18.0251 20.1399 1808.13 
14.3196 13.2409 25.2304 14.4605 614.924 
11.9228 8.68257 18.4288 18.6758 923.355 
5.76182 9.30238 27.8971 23.6417 500.196 
10.2426 10.6729 23.5257 13.1318 2426.64 
6.77913 9.29649 16.0601 14.2492 2048.47 
8.71841 11.2537 14.1614 20.7393 2184.57 
10.4304 14.2933 22.6001 23.3028 1161.02 
6.37217 9.41967 15.1304 13.3768 2255.19 


Individual: 33
6.42647 6.77454 28.7799 16.7694 2150.33 
6.12459 14.3291 29.0784 21.1952 689.246 
9.25235 10.271 21.1418 16.3806 2143.47 
5.24723 11.9879 20.8993 16.6037 759.315 
5.71243 8.68842 28.2938 15.3407 2295.11 
9.80798 14.3357 29.3915 23.22 666.284 
12.246 12.9192 20.6435 14.9647 2046.54 
12.2357 6.02468 17.1288 20.7201 779.608 
5.8132 10.7538 20.8122 19.5762 1838.53 
12.5835 6.06241 22.8899 16.674 607.792 
9.63576 6.14269 18.2945 16.2822 1570.51 
14.4974 13.0004 29.3944 18.3478 766.688 
14.6384 13.0496 22.8162 15.3172 540.071 
12.3796 14.0664 28.5679 13.2248 554.054 
12.7466 11.6903 10.6695 21.5922 2365.05 
7.17549 8.61263 13.5286 13.9081 1777.85 
13.8915 10.0507 26.9445 16.0556 1066.52 
5.35809 11.7422 10.1844 16.0371 2216.01 
5.24029 12.4935 28.218 20.0464 1247.36 
10.9636 12.4158 26.9597 17.6103 1155.39 
6.82251 9.57487 19.0938 18.1651 1178.42 
6.08149 11.6989 10.1979 13.9006 1012.51 
5.29746 7.73865 12.7816 16.2084 712.349 
9.63282 9.72372 19.2373 24.728 2072.56 


Individual: 34
13.5526 12.8949 18.313 21.6454 2057.32 
8.80723 8.50077 27.3679 24.9885 1634.56 
13.1831 11.4368 21.1026 19.7732 1933.57 
10.3721 7.00471 23.7286 16.7542 516.208 
7.82193 12.8545 20.661 24.4268 2314.72 
10.2283 11.0675 11.9499 24.5124 1897.77 
10.2952 6.72 27.9704 14.7607 864.164 
8.46457 13.9844 29.6958 18.8887 1730.59 
6.88366 6.59557 11.3392 13.24 1429.69 
9.33584 9.70932 17.4703 22.9836 1331.26 
8.43939 10.7356 28.5491 16.198 1736.04 
12.112 7.40922 28.5266 23.2164 1693.77 
9.05775 6.2721 15.1591 23.6286 1778.59 
5.2793 9.03023 20.0913 21.5618 1023.2 
5.86577 10.4935 21.3016 23.5628 2200.45 
8.81191 8.41943 13.3239 23.4198 1432.77 
10.4156 6.96816 14.1845 23.7811 648.57 
7.01907 13.5738 19.9983 18.6897 1147.87 
5.76233 6.64165 13.8321 16.7957 2365.71 
5.19089 13.9438 20.3749 22.8401 1090.89 
9.10714 12.2448 27.0033 13.1538 724.827 
12.0716 12.6349 12.4336 15.8164 721.105 
5.7735 6.95052 22.498 18.0917 1217.55 
7.41744 11.9579 16.7288 16.4211 1080 


Individual: 35
12.5547 6.27864 19.4665 15.2881 2450.91 
5.97831 14.125 20.2222 13.0987 2361.11 
13.6966 12.647 17.9797 20.272 2483.22 
7.19377 13.3899 16.8397 21.9363 1667.24 
7.4072 6.70834 23.9975 16.7725 2172.67 
7.15767 9.72618 14.6094 23.5357 2315.29 
6.01108 6.7556 12.7591 20.6062 1414.46 
7.77918 7.95135 18.3136 13.9123 582.875 
11.9813 9.4965 15.328 15.7706 1978.75 
12.8096 11.4563 24.5152 15.8179 1790.41 
5.87894 10.5609 19.6786 22.8817 1036.85 
13.0501 7.16758 28.3279 16.2989 1367.57 
5.77819 9.18292 13.5584 24.4763 780.952 
11.6004 8.10718 13.3017 14.7106 548.103 
8.89396 13.9267 14.0308 18.7324 1357.78 
9.10693 9.97684 27.9913 14.6756 734.934 
10.506 8.34825 19.2527 24.0078 662.023 
6.69908 10.0793 23.5225 13.1437 1236.28 
8.5179 12.2464 16.9345 19.1631 1154.71 
6.92096 14.0418 26.5805 23.6992 880.308 
12.4004 13.4219 11.2915 15.1965 827.8 
7.0653 7.61645 28.7971 17.4053 1294.67 
11.5461 13.6377 19.9568 18.2909 687.359 
14.1759 7.68813 16.6914 18.2873 1667.26 


Individual: 36
13.806 6.17301 21.3896 16.7458 679.802 
9.33548 10.3673 16.6436 13.6012 1908.33 
14.5191 7.97784 23.9198 17.0517 2371.03 
6.0948 11.3526 26.2757 18.5604 1268.12 
12.05 8.60128 11.0369 21.0496 787.839 
5.82338 8.53786 15.0302 18.9462 1469.48 
9.88044 7.22222 12.4891 18.0816 2317.19 
10.7212 6.52455 21.7562 14.9595 2338.8 
8.36393 7.65382 10.3761 16.7716 2122.32 
6.97558 11.0034 26.2315 17.304 2132.95 
10.3812 14.0381 10.8385 22.3075 787.912 
14.1529 9.72092 27.1701 15.3914 1500.54 
9.30582 12.5387 12.0308 13.4512 1811.06 
8.01498 8.11932 27.5399 20.5098 988.536 
14.2515 13.5667 26.1973 13.7999 2382.15 
11.9504 11.1925 16.4684 15.6849 1488.1 
8.89712 9.48076 12.6716 19.8525 1017.1 
7.79804 6.59813 15.4757 14.2295 1130.24 
6.18047 6.25506 16.1273 14.5977 1684.68 
14.3985 12.8275 10.4974 20.9579 1202.12 
8.59816 8.41327 27.3954 13.5135 662.359 
9.17091 10.7469 21.2472 20.6096 1399.15 
10.8122 9.95393 21.8675 23.7831 1213.98 
8.25793 14.1351 16.9662 15.424 1916.83 


Individual: 37
9.67221 7.89871 27.5716 22.3039 1346.68 
12.3961 12.3803 18.4818 20.8216 1889.61 
10.9871 11.0001 11.4859 13.4023 1654.99 
13.2062 14.0704 26.9512 14.6248 638.249 
7.27262 6.95398 10.4565 21.1698 1895.62 
14.2647 9.09307 27.6618 13.5799 806.625 
10.8955 14.1942 18.8842 24.3824 1879.41 
7.71135 6.08401 10.6705 20.5975 1424.76 
7.48354 7.71051 28.6517 17.6722 2243.43 
6.28502 7.95935 20.5104 20.0713 1346.03 
5.33401 13.9291 21.8843 13.5205 1198.02 
9.95857 8.17657 13.6203 19.9884 586.886 
9.8685 13.0509 24.4674 21.0495 1755.01 
5.82316 13.1595 28.2146 23.5625 681.266 
8.85226 12.9822 13.3826 21.547 852.997 
14.8365 13.627 14.0961 21.0584 2412.64 
6.28713 10.9395 24.3197 17.6775 1967.46 
6.72853 13.6827 21.2296 23.7907 1910.84 
5.79853 14.6149 18.4486 17.9293 1806.37 
9.28822 10.8674 23.1081 24.2347 1557.48 
6.07164 6.52032 15.1737 17.8329 2421.98 
9.4583 14.6277 18.2029 24.9744 695.289 
6.58856 7.26146 17.7167 16.3354 1712.66 
5.42127 13.4025 18.3052 15.4324 932.728 


Individual: 38
10.4909 13.3675 18.1128 18.0746 603.86 
8.49873 11.4432 14.1835 24.8429 803.4 
14.5966 11.4639 23.6683 18.8986 2341.77 
5.22069 7.15179 18.2395 18.0294 2297.49 
10.103 10.0421 13.3237 22.7365 662.316 
5.17508 9.59793 29.1772 24.7745 1672.93 
6.70051 13.5145 20.4366 20.1163 762.876 
13.0662 13.0744 23.3097 14.3171 1375.86 
13.7153 13.7063 18.3058 18.3515 2046.91 
8.01213 8.89873 14.1315 20.5456 1240.48 
5.51962 13.5701 11.5871 18.1852 1132.66 
10.6845 6.01232 17.7551 16.9777 507.017 
5.57704 7.93599 15.1629 21.9678 2254.96 
8.0661 14.6288 22.9818 20.7662 2152 
7.24001 8.16381 15.2972 19.6555 1140.93 
9.21213 8.48498 25.2138 14.6443 1547.67 
7.46598 14.8482 28.8652 14.6521 2327.58 
10.7514 7.13592 10.5379 13.8199 1254.15 
12.4613 7.35355 24.9055 13.0011 1220.47 
13.3111 10.2079 10.0929 14.8808 1787.75 
13.5583 10.8888 27.827 22.9238 1214.29 
13.2715 8.83046 25.344 14.7131 673.571 
8.2374 14.6471 24.7084 18.2282 563.098 
12.1038 12.5709 14.2102 22.1361 914.848 


Individual: 39
9.53602 12.2716 14.5812 22.6531 1959.05 
8.76687 11.2944 16.1896 23.1292 1903.91 
14.5295 10.7618 11.8174 16.2024 2044.67 
6.99265 6.37196 25.821 22.5787 775.384 
12.0891 7.86045 27.1241 14.2714 1317.43 
8.44022 14.9815 24.0973 15.4355 1987.92 
12.9438 6.7813 28.4285 15.716 736.831 
12.7211 8.69719 15.9456 14.5278 1871.47 
10.2012 6.08918 14.117 14.6483 1852.91 
13.0393 9.80648 13.8751 15.8647 589.337 
8.97735 11.0022 23.2059 15.4164 886.068 
11.8711 10.975 12.3751 14.28 1607.79 
10.4103 7.60215 12.7954 18.1622 1964.27 
6.26813 9.72046 10.2454 14.1812 631.831 
6.0022 7.88634 15.1248 21.9366 1663.89 
7.66538 13.2088 11.7859 20.7295 1516.74 
8.09434 9.68127 26.1145 18.6624 1428.36 
11.8451 11.527 17.3156 17.1518 2321.84 
8.97561 9.36199 29.6543 13.8044 961.153 
5.17556 13.5394 19.5553 16.0173 678.741 
5.19802 12.2876 14.908 23.4886 2484.77 
5.17702 9.85054 24.8642 15.4022 1307.09 
10.0783 10.0327 29.6004 17.1127 1669.96 
9.30181 6.08153 15.1465 22.2108 1664.73 


Individual: 40
11.5462 11.2208 24.6945 15.3295 2308.2 
7.49131 13.2672 18.0707 18.5408 1020.05 
14.5092 12.7507 11.16 23.0654 753.863 
10.085 6.83834 14.0937 16.9612 1142.75 
12.7339 11.248 10.3776 19.4065 2292.14 
6.34132 14.0063 29.0654 20.022 2146.09 
5.52573 6.34592 29.9003 18.84 2354.75 
9.47408 12.4882 17.9497 21.2676 841.515 
10.7545 9.2024 22.8521 15.9317 2003.64 
8.97595 14.3232 10.8228 19.4279 846.702 
10.3673 10.6971 20.707 13.0882 2437.84 
5.93132 7.24917 15.1755 18.5739 970.158 
7.79255 12.1231 15.387 22.9009 863.636 
6.46423 8.40393 12.2314 13.2473 1504.49 
9.82657 7.52613 11.8359 22.4985 872.206 
9.06938 13.9763 26.117 20.9718 1406.47 
10.105 13.1187 17.4568 21.6343 2463.41 
12.7564 13.3308 17.7709 15.7701 1363.97 
10.1013 8.1212 13.5099 16.4728 1568.58 
10.4052 7.16338 12.5264 15.6667 1552.14 
10.2592 12.0783 11.6764 24.0855 1639.65 
5.80429 9.14461 26.7399 19.5817 2267.57 
6.90382 13.9067 29.0997 21.5515 668.345 
13.0794 6.11524 28.3867 24.2969 1474.47 


Individual: 41
11.309 7.01927 15.1337 13.143 512.456 
7.4493 12.0254 14.8525 20.0066 1766.26 
9.14706 6.96392 23.8119 16.8686 1535.82 
9.02452 8.64027 11.5909 18.1843 1237.26 
14.9836 10.4504 17.6475 17.5529 571.638 
6.20905 6.30095 23.1073 22.8668 1711 
7.92366 13.2567 13.4572 24.2449 1215.33 
5 10.9086 24.2541 24.9949 1823.86 
8.94928 11.5282 26.5838 21.5722 1884.37 
5.86273 11.1161 27.2042 20.1285 793.689 
5.20584 11.1718 19.2183 15.2353 1747.85 
8.94911 7.28111 11.1818 24.4792 2495.68 
6.22153 6.00661 17.7448 15.6914 2296.69 
8.53557 11.0894 29.6708 13.2366 1068.57 
8.39963 12.7766 19.5491 15.2387 1173.79 
12.4621 6.72953 18.5214 13.0982 1668.4 
12.8489 10.0492 16.5909 22.8958 1291.81 
14.2738 13.0176 17.6124 21.2676 1918.85 
11.1891 9.21503 21.9038 17.9264 1198.9 
7.11799 8.16995 26.6383 13.2534 1028.65 
8.29421 9.50439 26.1684 16.9494 2430.87 
9.02241 10.9032 11.996 14.3569 1103.17 
8.888 9.95377 14.5012 13.1104 911.362 
13.4757 13.5512 17.3898 14.084 652.896 


Individual: 42
7.20732 9.42027 18.7719 19.8791 536.134 
5.05874 6.72824 17.9611 13.7439 566.598 
13.6297 8.19285 24.3356 22.8302 1413.47 
8.76487 14.537 22.0212 15.8584 832.155 
12.9542 7.72108 15.8779 19.0387 1178.83 
10.9818 14.7532 19.1199 23.2781 1168.1 
13.6403 8.00599 15.2379 17.7851 1412.15 
7.53314 13.0954 21.2767 19.4175 2262.23 
14.5181 6.32474 13.6057 21.6936 535.252 
13.5331 11.3865 20.9939 13.94 1777.73 
9.18001 9.61823 23.6511 13.279 966.273 
9.39213 13.8349 15.5744 19.2043 797.074 
7.92867 10.3637 11.3039 20.2299 1971.39 
12.9971 10.2209 14.1894 21.0412 578.463 
10.2116 13.4713 12.2867 19.7962 1221.34 
11.1433 7.25576 17.7403 20.9399 2228.16 
12.3502 7.43758 15.4018 22.393 664.485 
6.38435 6.60242 12.1634 23.2542 2198.4 
6.09353 6.92682 20.2041 13.0454 1124.04 
6.8979 11.7588 11.4284 19.9454 2467.19 
7.72203 6.08455 10.0319 21.3104 1320.69 
14.3069 13.8606 19.4629 15.2031 974.171 
10.2526 9.46636 22.0356 16.6972 2131.85 
7.50235 8.61832 17.6372 15.4974 1693.78 


Individual: 43
14.509 7.05909 18.3443 22.0353 1613.51 
8.43604 13.7046 14.8532 13.111 2041.75 
6.00472 8.61997 10.7223 20.6981 2326 
6.86885 6.17994 10.9645 17.3881 2032.96 
11.4262 8.23251 11.9685 22.4884 1203.62 
10.0241 10.4293 24.4705 22.9144 1960.32 
9.58686 12.9275 10.7278 16.953 1504.83 
11.5986 11.3386 17.2823 13.9181 1069.11 
9.04237 14.0699 15.7193 18.4751 1283.23 
9.44993 6.97374 18.2401 19.0614 1478.18 
6.46481 14.6306 29.4361 20.3759 1106.16 
5.11046 9.54578 20.568 17.1919 1799.35 
10.2163 14.6014 12.7627 18.0707 1506.14 
12.8711 11.6684 14.469 19.5208 1239.74 
11.2006 9.14494 25.3974 14.9576 2377.12 
10.3549 6.42146 25.956 24.6921 704.34 
13.4859 9.28467 14.2714 13.3662 2394.55 
11.9617 11.8058 23.1999 18.1351 570.423 
14.3717 12.2217 17.0422 23.5483 1351.58 
10.4823 9.99347 22.1072 23.1236 1091.97 
12.3763 10.4562 23.8573 18.4539 1273.49 
11.9333 14.9694 18.7202 14.5779 1218.63 
8.62647 14.9227 17.745 21.1803 1079.22 
14.372 8.02435 10.8489 17.0565 2095.09 


Individual: 44
7.97306 12.8004 25.8863 15.0361 1710.61 
14.2268 7.08008 19.6477 19.053 906.043 
11.9828 6.85352 12.7216 18.3956 2163.78 
13.1818 12.7434 19.3588 19.5961 1643.32 
10.1932 11.5676 12.3934 17.1338 1156.36 
7.27485 10.267 21.5072 15.3241 1826.16 
6.43135 6.97324 10.0777 23.4537 1712.54 
11.5218 14.953 20.6439 13.9177 1005.93 
10.5836 6.11954 24.5543 20.0205 770.031 
6.82698 13.3096 16.3077 22.5315 1778.93 
8.88098 14.042 18.2405 20.5414 1272.19 
9.23307 13.7704 22.7554 14.2426 830.411 
5.28939 12.248 20.7653 16.8697 1919.99 
13.2398 8.7 13.0713 16.8094 717.09 
6.61362 7.46121 14.8847 19.0554 1520.97 
5.92352 8.87977 27.1918 16.7271 1295.21 
12.2314 14.8599 14.1189 24.5454 1038.6 
14.8912 6.96861 15.2971 17.0676 2297.62 
13.9972 11.5935 12.1398 21.177 625.38 
5.09489 6.57871 18.4659 23.9503 1643.22 
9.68242 10.6052 24.0295 15.616 1620.32 
14.6713 6.76546 10.2579 17.8577 586.642 
11.5474 14.5326 28.4736 19.8593 1194.74 
10.9524 8.97354 21.3428 16.8589 2001.72 


Individual: 45
11.5106 13.1675 24.5745 13.8103 737.673 
9.68756 6.72156 10.3334 23.7644 909.147 
12.8595 11.0227 20.8898 19.3249 2423.52 
6.68875 11.0382 10.4626 17.5379 1675.38 
12.9347 12.3094 11.2687 24.7778 1717.91 
9.74934 7.90582 20.3248 14.2611 1848.46 
12.2107 7.774 25.9082 22.6779 783.229 
10.26 9.0595 18.5767 19.6096 529.69 
12.2414 8.24965 15.304 16.8809 592.094 
6.53607 10.1672 24.0068 23.2368 1548.52 
6.15218 13.2622 16.5004 24.5083 947.123 
12.8375 6.73326 24.7289 21.4375 677.16 
7.46642 7.13469 26.6996 22.1537 847.409 
7.58455 6.46908 20.6565 22.2798 1989.21 
13.9998 10.3872 15.4215 14.0704 2121.09 
10.5013 13.5018 27.7778 13.485 2129.42 
8.57884 7.73762 21.0508 21.5014 501.565 
8.13424 12.1729 14.5353 20.9946 2269.39 
6.00642 8.20379 17.8015 22.567 1927.35 
9.35769 7.35369 29.7914 18.295 1863.19 
7.36362 9.1784 14.1502 13.9826 1134.73 
9.03277 10.3621 29.9701 17.5355 1078.3 
7.99501 10.4786 19.1574 15.7109 648.025 
6.75742 6.28011 27.167 13.9543 964.097 


Individual: 46
5.01357 6.64175 26.3054 15.2814 1647.82 
11.7852 12.5326 20.3843 15.091 946.426 
7.53015 11.0028 10.7735 14.1744 749.595 
7.27033 6.9 14.7608 14.9198 928.875 
11.3937 8.41264 26.6842 14.55 1402.47 
7.16573 6.87411 15.9546 13.2891 2275.64 
7.11816 14.1516 28.325 17.2165 992.935 
10.1931 6.88958 16.0281 15.0487 548.48 
5.11917 12.9073 17.6823 17.4411 815.856 
7.27185 6.08732 11.6528 17.3666 920.211 
9.50967 14.2204 11.3254 23.9764 2418.27 
5.04735 10.1316 13.442 17.291 2015.32 
5.70062 8.5368 20.8106 20.4328 1153.72 
13.4916 6.35115 14.7444 19.7822 1091.52 
11.6291 11.6556 10.8876 13.7168 1803.18 
10.9457 10.3429 11.6755 15.72 2250.84 
13.7689 10.5726 10.5807 23.5416 2215.6 
12.3356 7.64434 10.7366 19.389 2182.12 
14.8474 10.889 17.437 21.3711 1314.55 
6.96537 6.55835 10.892 14.8552 1643.57 
11.0572 13.898 22.6131 19.3904 2277.02 
7.64109 7.36332 19.2979 19.6382 1141.59 
12.3575 13.2028 16.342 21.1977 889.61 
12.5826 9.12204 28.0463 17.4338 991.374 


Individual: 47
6.4122 13.5241 14.6984 14.92 722.482 
13.727 8.95187 15.0061 13.37 919.827 
10.2648 6.20087 25.1415 17.0213 2069.27 
7.99544 7.97235 25.2692 21.3677 1863.44 
6.73117 11.4356 22.6893 14.7609 811.647 
5.71929 10.1841 21.9007 15.9109 2259.85 
7.68427 8.33766 24.0831 14.8512 806.052 
6.70431 10.3937 14.5716 22.428 543.206 
13.1116 11.7862 13.748 19.6878 540.2 
7.98246 12.6097 17.8238 20.9332 1835.4 
12.9107 10.8393 21.1112 15.839 2274.5 
5.60895 14.9319 18.5948 15.8794 1373.95 
6.90434 12.4489 19.2665 19.093 1905.59 
6.35013 10.7948 26.0938 21.0294 769.357 
6.57914 12.3948 10.812 14.2974 1129.09 
11.1599 11.6246 19.4039 20.6239 2377.78 
14.2735 12.2018 28.7721 21.6098 1473.37 
7.52573 6.87609 12.3135 13.143 1181.89 
10.1094 10.4554 13.0243 19.964 2158.24 
13.425 14.5358 15.9196 19.9389 809.123 
6.87851 11.069 17.1841 21.4891 500 
7.89961 12.3474 22.8498 17.3739 787.339 
11.9349 6.27185 29.1827 15.2222 1070.59 
7.7152 13.1791 10.9429 14.7258 2488.52 


Individual: 48
12.0479 6.85225 22.2948 24.3478 1684.79 
8.30155 6.24477 23.1369 15.6529 2412.98 
13.3463 7.55338 22.9396 17.7117 1234.09 
10.255 6.97337 13.8284 14.8275 1182.94 
12.6357 10.2662 27.416 14.7545 977.177 
10.4728 11.4064 15.8788 23.1592 554.346 
10.3935 14.359 26.99 14.7532 1246.32 
14.4418 11.2612 10 21.0751 1412.76 
12.7899 7.62613 24.9172 14.7647 1872.12 
6.55254 8.25423 20.377 18.6097 1162.09 
11.5141 13.2458 13.7612 17.42 943.787 
10.6554 7.08353 19.1935 20.9981 1494.34 
12.9974 10.6158 13.1285 13.5834 923.298 
6.6428 7.38092 18.8297 14.7081 2192.13 
10.687 8.2404 16.162 24.5342 2232.46 
10.2978 7.00044 28.8331 20.1903 569.333 
12.1561 6.52782 10.2265 13.1621 1349.84 
11.702 14.2855 17.974 24.6798 507.653 
12.9872 10.7828 23.7089 23.1979 765.726 
9.0137 11.0471 14.737 22.2459 1578.07 
14.6874 13.9814 21.0191 13.7343 509.403 
8.61813 7.15829 26.6141 16.1013 2066.78 
5.0789 14.9803 19.6211 13.8755 568.75 
9.60265 9.64959 19.0534 24.8249 1809.97 


Individual: 49
8.4898 6.82996 28.3578 21.7919 1521.29 
13.3539 12.8287 26.286 16.2414 527.077 
6.79443 13.012 20.161 18.1048 799.126 
5.23842 11.2128 21.7941 19.3048 1577.9 
6.9861 14.1004 25.0146 19.0758 937.452 
10.979 9.36745 28.5632 23.177 1236.03 
7.24147 6.97953 12.8524 23.1622 1314.16 
11.73 7.24506 19.0952 18.6145 1989.08 
7.12696 8.38776 17.2996 16.4591 933.546 
11.4601 14.5714 21.505 14.4808 667.447 
6.65414 13.4046 22.8945 19.6177 1185.87 
12.0751 9.18675 11.0169 16.0304 517.966 
6.29283 9.33858 27.3143 17.401 1895.72 
14.8858 7.98131 12.6519 14.118 2289.96 
8.38055 8.83052 12.406 24.3584 985.149 
8.21731 11.2572 19.6707 23.106 716.392 
11.9173 7.11141 22.9699 14.838 1743.26 
13.3935 11.8366 17.8335 23.4935 1050.97 
6.28712 6.15626 13.9407 21.8022 1787.83 
8.79419 8.23109 14.1186 16.0832 1261.11 
6.94705 14.1961 24.3886 16.3655 1585.89 
14.054 14.973 22.8334 19.14 2080.5 
8.17805 7.6417 13.0299 13.6229 950.933 
9.23833 11.4021 25.4113 15.6701 1696.47 


Individual: 50
9.48506 7.76876 16.7494 20.0192 2029.23 
14.2779 9.53857 29.5066 16.1913 1322.15 
5.02025 11.688 27.2697 16.0997 1643.42 
13.5084 12.082 28.7364 19.5509 533.081 
12.6347 14.7628 28.9174 14.3568 1511.78 
7.47744 6.68225 17.5566 13.279 1036.03 
10.8679 14.185 11.6257 13.5294 2176.07 
8.86805 11.1477 12.7816 13.2608 1928.57 
7.78431 7.39282 18.0939 14.6709 719.553 
7.44151 10.0339 18.7364 23.3194 1185.68 
11.7266 9.91371 12.4891 17.3145 546.74 
13.7402 6.05365 29.0854 15.2372 944.913 
13.7697 14.6829 20.7525 21.042 2095.51 
5.86269 7.81756 18.1657 13.0638 1861.5 
9.96675 11.1391 28.0309 14.7281 2344.87 
6.50999 11.246 18.4528 14.2792 686.985 
10.5163 13.7287 10.4558 20.7764 1493.17 
8.60917 13.5749 10.4868 18.9571 701.12 
8.41815 6.47954 21.5916 20.9233 1918.97 
9.42529 12.3237 11.4729 14.2885 1447.97 
14.5048 12.224 10.4268 23.8508 2479.39 
5.87743 7.67448 25.0166 15.0344 1393.88 
8.59461 10.5116 25.2318 21.3667 1684.42 
10.1332 8.38036 10.5514 14.8868 609.863 


Individual: 51
9.17673 7.4262 20.102 13.6851 683.653 
5.91056 9.44652 11.4964 15.5978 890.936 
11.817 7.24221 14.7761 18.4758 702.16 
8.64905 10.0635 14.6512 21.4819 543.409 
12.1416 7.5757 29.3358 17.9675 2428.03 
8.72048 9.18029 12.3837 23.4283 635.885 
11.2651 7.78681 27.8296 24.525 2289.03 
14.0326 13.7654 24.9059 24.4675 1900.6 
9.07091 6.49446 21.3634 23.483 1907.59 
10.0788 8.39282 29.0622 21.3886 811.719 
12.5624 6.13381 28.911 14.7676 1446.97 
6.05489 6.2133 22.9644 24.6271 767.186 
6.81552 10.3218 19.4446 13.3832 1675.41 
11.4975 10.2323 27.5942 20.2116 1052.31 
8.79192 8.38499 13.2506 15.466 2094.53 
7.47028 14.2219 14.5538 14.6159 742.482 
10.2059 11.4783 25.2638 19.0403 2255.35 
14.1102 8.42599 15.8351 18.4935 2066.91 
8.35036 10.7749 11.1524 21.6626 2449.08 
10.4987 7.51597 11.6636 13.4786 1354.91 
13.1754 7.66215 21.7549 14.788 541.203 
8.4301 14.1448 20.6748 22.0624 1533.01 
5.56253 11.4442 13.3853 24.1212 693.655 
10.998 10.9922 23.0337 19.5527 1599.39 


Individual: 52
8.79376 7.87375 21.0919 13.3063 821.612 
5.29904 11.932 11.995 13.2936 2390.61 
7.65275 11.5896 10.9008 14.6022 1224.97 
5.65871 9.89552 21.2287 16.6591 1626.04 
5.15372 6.78997 19.4237 16.691 559.81 
6.61427 10.2525 26.8719 21.4496 611.933 
7.5828 8.82533 11.9961 13.9117 1522.6 
5.96009 12.6589 29.7173 18.3543 1674.12 
7.97313 13.2899 12.7688 21.7958 1879.09 
7.08921 7.94826 13.1959 24.7058 979.338 
13.6656 6.8216 25.1975 17.8288 1402.41 
9.68747 14.9713 19.9416 20.8899 2068.13 
6.19037 9.77644 27.7305 14.73 1468.7 
7.12781 14.7458 29.8506 24.3822 1358.84 
8.32236 7.71173 18.4777 20.9304 1233.25 
7.59418 12.5834 25.119 13.2953 825.032 
9.77896 10.2104 22.3752 19.7891 1843.96 
12.9274 6.7776 15.507 20.2409 620.884 
8.03375 12.3875 18.4722 13.3672 2204.34 
6.26623 9.88933 16.6409 13.1461 656.478 
13.3814 6.14492 11.422 16.0416 605.676 
9.69434 14.5582 23.9136 14.7532 557.986 
11.0293 14.5624 12.7055 14.8144 1382.76 
7.03286 6.72562 15.6803 14.5955 1150.38 


Individual: 53
5.44503 11.1517 28.5106 21.8598 2091.7 
5.65159 9.25421 17.1341 20.8776 1644.04 
14.5352 7.77468 16.7675 16.3478 2050.57 
8.60014 7.20891 21.6534 22.6229 2343.87 
5.34771 6.12644 27.3328 16.5717 2059.32 
7.62268 14.4662 23.2337 23.666 1194.48 
7.48782 13.3282 29.9352 20.8576 515.086 
5.65474 11.9489 10.2871 21.0369 2383.38 
11.0105 11.6353 16.6593 14.7182 2405.26 
5.62292 12.9614 11.67 19.4617 1945.93 
6.17271 8.29551 10.3052 16.9719 837.875 
9.00608 8.44191 25.652 18.2628 1927.69 
12.9792 14.1664 29.6401 13.5841 1476.37 
8.30514 14.9761 25.7623 16.3117 687.731 
12.8749 7.07477 25.4783 13.6452 2306.61 
9.67582 13.1786 29.3677 15.3163 2319.26 
7.18621 9.62325 29.5814 16.795 2232.3 
5.34443 6.66823 11.1863 21.2893 2364.58 
7.2748 8.72948 14.1266 13.5388 1716.42 
14.6882 7.69826 22.9825 24.6904 693.516 
10.8436 9.49378 28.9644 22.609 2460.03 
9.38046 6.91374 18.6039 19.0563 2039.27 
9.87548 6.21206 13.133 13.6439 1847.43 
5.4379 10.3125 20.986 23.2656 1576.42 


Individual: 54
14.6834 14.1469 10.2944 18.01 683.809 
6.58665 10.3142 18.2641 19.3195 1622.1 
10.1363 13.1183 18.7338 21.1981 577.036 
8.66258 9.67646 26.9479 16.1997 801.459 
14.0334 8.97922 17.847 13.9669 1349.45 
9.60808 7.88639 26.6952 14.4632 1770.68 
13.6094 14.2893 27.7751 15.7975 2182.01 
7.61633 13.2279 29.4028 13.8978 853.349 
10.2993 6.10909 27.5569 23.0409 1550.85 
9.89255 9.40962 13.0577 24.4947 1051.85 
8.59605 6.16942 28.3343 14.2982 2438.5 
6.12382 9.94451 19.7052 19.1553 631.119 
13.3811 9.90387 22.0694 21.1259 2427.6 
12.6995 14.6197 13.1458 13.149 1862.76 
12.2762 6.58187 13.8307 22.5723 520.503 
10.66 7.27784 11.2517 19.257 1298.07 
14.0256 7.18466 11.5427 20.0115 2287.66 
9.77157 11.9895 24.0168 13.2591 1459.44 
13.2363 11.6174 17.7874 18.0549 2135.25 
13.2922 6.10592 12.1407 18.7765 602.284 
6.1762 8.03006 25.0233 18.5632 1090.1 
5.30332 8.26691 15.0759 17.7269 861.241 
10.4687 10.1211 16.8626 16.2516 1528.67 
7.90446 8.32198 10.7968 15.3596 2303.95 


Individual: 55
12.8176 6.50889 27.4291 14.2915 836.835 
6.66182 13.8796 14.8091 17.4706 751.297 
6.25113 9.35571 14.2317 23.7398 1897.84 
9.47166 11.9023 13.8522 23.9013 1428.65 
7.66029 7.81594 16.2477 21.7069 1116.79 
11.3739 11.6939 25.9942 13.0088 1225.46 
13.9587 8.76923 16.8516 13.7445 603.374 
6.31607 7.91843 19.2308 19.9046 2021.38 
5.95146 6.3791 23.7916 13.6247 2176.78 
10.7876 9.67206 11.7283 14.7606 2461.77 
12.6357 12.0447 28.6387 14.3076 2429.01 
13.7547 14.554 17.789 16.9204 2466.98 
11.4996 7.77574 21.6087 23.7947 844.067 
11.4955 6.38478 28.067 18.1734 644.839 
13.2745 9.70964 22.0619 21.7275 1855.26 
7.30918 13.9914 14.7755 18.2327 1469.39 
6.0971 7.35353 17.1153 16.3297 973.014 
9.02604 11.2358 11.7701 16.7149 568.378 
12.9019 14.8987 28.2746 19.9337 760.428 
6.45195 10.0812 29.6322 13.0383 1470.42 
13.1836 12.1644 22.1319 16.4751 2010.22 
6.97995 6.95821 25.048 22.3526 678.85 
10.2116 14.1602 19.571 20.1866 1218.18 
8.51739 6.42234 12.3754 14.0356 1696.96 


Individual: 56
14.1249 10.0459 16.5147 20.3821 1519.07 
13.1656 12.5638 10.8592 20.3125 1772.54 
6.1844 13.542 21.375 15.3393 759.876 
12.0162 10.5908 11.8344 17.9156 1203.86 
7.86994 13.9087 27.398 13.6813 1498.2 
6.75705 7.682 19.5483 14.0438 1302.57 
7.35355 10.2393 18.1632 16.7645 2474.24 
9.92792 10.2111 12.5791 21.3017 1560.17 
11.5409 12.1717 28.6002 14.3323 1107.45 
9.97683 11.0672 21.1739 17.1777 1839.66 
11.843 13.3184 22.7738 18.81 1425.35 
8.99718 7.01661 13.7169 21.3883 1299.44 
11.2972 13.9804 15.1782 20.9996 1025.84 
13.5424 7.67243 23.3333 14.8468 1110.21 
10.6788 7.10955 28.3982 17.7006 2100.69 
11.4921 12.5009 14.3426 19.0772 635.011 
8.00252 12.7982 29.5985 22.0335 565.862 
7.4559 13.4771 23.1604 24.3782 1833.59 
10.3344 10.1383 28.0177 17.5259 1924.11 
6.6533 6.58807 22.7653 22.6357 993.803 
7.51662 11.8561 18.8378 24.0766 1426.37 
13.2132 8.36435 20.0204 24.8206 2390.33 
14.2924 14.5019 29.1483 14.8443 597.211 
8.39211 12.5259 14.6922 20.6676 1214.31 


Individual: 57
11.7987 13.9612 29.1656 14.9212 603.611 
13.3123 12.9398 24.2666 22.7752 1112.9 
6.80556 8.29904 13.8294 15.3794 866.784 
13.4995 11.0368 11.7065 24.5311 1318.26 
6.90652 11.4583 18.7758 15.4614 1331.35 
10.6411 10.9129 14.2068 15.7937 1590.7 
11.9328 11.1517 16.7803 20.1904 1122.6 
7.17714 6.05441 15.9164 14.6515 2364.63 
8.09868 14.9331 26.4045 21.3366 1649.85 
11.6559 7.42339 22.6764 14.8239 1051.51 
12.1447 10.5038 11.3176 14.065 1811.73 
10.5116 9.87426 13.1285 16.7429 1409.32 
8.28002 10.0658 10.8785 24.5461 1772.96 
11.263 11.5984 18.7109 21.7708 980.858 
10.8495 7.96154 16.5494 23.3488 1319.68 
10.0645 11.6864 14.9156 15.6741 1514.76 
5.24538 13.5421 27.8074 17.5749 1117.31 
14.5938 12.4937 12.2293 15.7435 843.487 
10.4502 7.6894 29.5352 13.2241 1145.88 
9.93291 13.3507 13.8165 24.1966 597.731 
8.70775 9.26192 16.9643 19.0221 511.975 
5.96944 9.94284 10.6807 17.3721 986.217 
12.1941 13.7129 29.5249 15.9447 576.543 
5.29825 8.14655 23.0089 18.273 1951.98 


Individual: 58
10.4789 9.15774 24.5843 18.5622 2147.02 
5.7942 14.5022 20.1477 19.7173 2301.92 
10.1547 7.75596 18.8116 16.8368 2046.8 
5.46763 9.08799 12.2564 19.403 536.173 
9.91014 10.2709 20.9997 17.6966 1630.32 
9.67233 14.9399 26.757 16.9854 1090.31 
11.1289 6.61722 13.382 20.9053 1565.56 
11.0255 10.9295 20.8657 22.402 1923.45 
8.06966 14.4234 23.8874 17.3314 1804.69 
9.39128 8.02487 15.9327 22.2996 1006.03 
9.06248 10.5541 13.8313 22.0075 675.056 
13.6528 13.5658 29.1108 19.9826 979.441 
12.9429 12.7444 23.637 14.436 1882.09 
13.1086 8.81245 12.7502 23.2293 787.95 
8.75544 6.67576 19.5872 19.5919 599.774 
14.1868 6.29545 29.5451 18.35 1618.35 
13.841 11.8365 19.7465 16.5487 1277.19 
10.9735 9.19902 16.9773 14.1609 1896.42 
9.70268 10.35 24.863 20.485 502.179 
6.86153 6.06922 22.4646 16.7206 1457.5 
7.41235 10.3459 15.3675 22.4397 2289.47 
8.59371 14.8019 26.0309 16.4045 879.039 
9.44497 6.44593 28.7334 13.7259 1848.83 
10.9462 9.57167 10.8974 15.1232 1097.39 


Individual: 59
6.94381 11.4825 24.0744 13.3387 2060.27 
10.0352 6.10874 23.3869 14.8075 604.936 
11.6432 6.56227 13.3423 24.6615 638.597 
8.12144 10.9486 26.3584 15.603 2377.89 
11.2028 6.25971 23.4498 18.6006 1323.05 
7.30477 9.56075 16.4578 24.0776 1103.79 
8.11485 7.8967 17.2597 17.2378 2442.88 
12.2107 12.8064 29.4632 24.9153 1091.18 
9.21479 11.6304 16.4564 24.9605 885.423 
7.87224 9.73498 23.0605 20.1709 1929.53 
6.27866 7.46883 28.2831 24.2232 1238.88 
11.7029 7.64974 13.6019 22.695 558.32 
11.0469 9.82221 25.6465 13.0991 1197.18 
7.54942 12.4337 28.8995 18.077 2086.32 
5.13644 13.1786 26.0076 17.0519 1741.9 
11.9995 14.0442 19.7216 20.8988 2208.94 
11.9017 13.96 12.9533 22.3082 2353.8 
13.4303 6.10566 21.6205 13.6231 1730.56 
11.1975 14.7358 12.4341 13.0023 2053.52 
6.01485 13.2979 14.4112 18.8908 1194.75 
9.97913 9.19985 13.0053 19.3372 1206.07 
14.361 13.8605 15.6857 24.528 1143.59 
8.02518 7.46058 11.099 14.0295 1751.93 
12.648 8.37482 27.0216 16.4531 1674.27 


Individual: 60
11.0756 11.723 28.1909 16.4004 1067.08 
9.85767 12.8157 22.2708 14.1791 1228.42 
11.5259 7.94779 21.5848 13.3082 1455.99 
9.9818 7.59313 19.9641 24.3223 1924.31 
7.5487 11.4208 22.4266 14.6478 2322.51 
5.64323 11.122 23.1058 17.8788 2378.45 
10.0487 6.28489 18.3223 19.9131 2298.92 
5.73567 6.15618 23.2645 22.1221 2349.63 
11.9239 13.0384 17.5149 13.1897 781.214 
10.5609 10.8874 10.1258 19.1529 1145.94 
13.399 10.4466 26.0342 15.2818 2211.94 
12.5602 7.44589 17.9223 24.1641 1608.23 
10.7322 8.74228 22.5051 22.0893 1692.35 
6.15025 10.7481 17.8259 24.091 2199.58 
5.84913 12.2981 23.4303 16.8117 1374.13 
8.28598 8.29828 16.2415 24.9429 1013.24 
9.20812 9.10535 18.4762 22.6786 2453.68 
13.6053 11.188 27.2628 24.5826 1380.28 
7.00703 14.1559 21.3565 16.3196 1753.41 
9.28447 7.90927 24.9899 14.1119 1499.47 
14.1873 6.92339 17.6183 15.8711 1363.39 
11.7248 7.65424 27.4669 24.5001 1949.38 
6.00334 14.6858 15.3566 19.7039 754.583 
9.34887 6.49245 28.7955 13.5007 2441.61 


Individual: 61
14.2498 12.967 21.5598 14.8005 2124.68 
8.01003 6.72091 24.9118 21.8916 723.499 
11.55 14.6905 17.349 21.4489 1666.24 
12.3205 13.1829 19.1414 21.2796 939.047 
14.852 14.3102 11.3157 17.9212 1652.88 
8.14516 14.0121 21.7172 22.4022 1047.8 
6.17187 6.18003 25.585 17.8931 967.119 
10.3267 7.25518 12.1178 23.996 2088.75 
8.43549 11.1293 24.5808 15.8546 678.49 
13.5275 11.8837 13.0612 13.9571 1791.61 
12.9787 14.2955 21.3088 23.2287 960.931 
13.8789 6.11805 26.5569 18.508 588.113 
10.2658 9.86256 12.3362 17.8951 1224.53 
13.9681 13.0079 10.4657 20.8206 1499.8 
13.1361 6.30285 18.7612 24.1625 2451.24 
9.94857 6.41538 29.129 20.9719 1228.54 
6.35888 7.55295 29.424 15.4585 585.995 
9.16506 6.05091 25.1023 19.4833 2035.01 
8.13288 14.8106 14.547 19.8225 720.205 
12.2862 12.856 15.2767 19.9767 2432.32 
6.86692 6.03357 17.8297 14.9207 818.267 
13.3089 12.3264 12.8824 16.0086 2114.88 
10.3331 13.1282 23.0384 20.5247 655.556 
9.59191 13.9684 11.7035 14.583 1700.35 


Individual: 62
5.68658 12.2181 24.2676 15.7723 2108.82 
6.54867 11.4306 12.328 15.184 1094.69 
8.54084 12.5698 18.4361 18.8955 905.537 
11.8275 14.6831 16.8911 14.1714 1618.81 
11.8059 11.4312 27.4198 24.0601 1581.92 
12.6124 8.45917 13.942 18.4853 2214.24 
9.9477 14.6932 22.9177 23.5213 1270.71 
14.1313 7.0222 25.9927 16.6928 2195.98 
8.19394 7.86267 14.4921 21.7139 911.765 
10.9577 6.02213 21.3536 17.8001 1727.14 
12.7734 8.79999 18.6275 13.0793 2175.3 
14.167 13.7206 26.9979 22.0296 2268.33 
12.1814 8.98736 12.0216 14.6897 614.058 
11.398 9.3651 29.6138 22.6785 1814.13 
6.23924 9.70088 16.1461 14.6665 1248.42 
11.6936 6.88513 27.9695 18.2691 1109.3 
8.55468 10.2353 19.6614 17.0039 1528.9 
9.34655 7.03061 11.8715 13.3848 1000.1 
11.1969 13.5347 20.8886 23.5407 1709.27 
6.53934 12.6054 21.007 14.4197 683.641 
13.8918 13.4937 21.2897 20.4483 2011.43 
7.50928 12.3998 11.5912 24.1714 2391.55 
12.9134 11.5912 10.1124 18.9362 1807.61 
7.35128 10.2176 29.8517 23.8722 1241.27 


Individual: 63
6.06977 14.0104 22.914 20.0299 718.992 
9.14345 7.117 19.414 13.6463 584.403 
13.181 7.04417 24.3608 19.8937 877.849 
12.6968 6.24927 11.543 23.9069 2078.08 
12.6269 9.17325 14.8855 19.576 1206.2 
10.0454 9.85128 10.0081 23.1772 992.973 
7.39896 6.30581 12.3789 20.5955 889.051 
5.59172 9.56031 12.5 21.7098 885.983 
8.78731 12.7982 11.8602 20.4084 640.31 
12.8134 12.5816 26.3065 14.4664 1218.9 
11.9718 14.3297 20.2514 15.1104 709.844 
12.2464 11.1843 15.8602 15.3867 2123.47 
5.63925 10.9899 13.9526 16.9967 1004.18 
5.86364 9.91211 23.198 22.4008 822.965 
7.34139 10.2062 26.9639 18.5096 1138.53 
9.62738 14.0465 23.0898 19.1897 1128.25 
9.09302 9.97992 16.2887 22.3691 2451.92 
7.92768 12.9001 11.8151 16.5123 942.188 
13.127 13.0627 19.0554 18.2904 1301.36 
13.2299 11.3783 29.6608 14.438 2355.58 
6.09373 7.06095 25.5766 15.1275 1801.64 
6.08639 13.4705 28.6123 21.7805 954.694 
8.15834 10.7953 25.3202 21.0055 1166.61 
5.53267 6.92244 14.8802 16.493 509.305 


Individual: 64
11.2598 11.1398 10.249 22.459 607.613 
11.8566 6.96018 16.9342 16.5828 1932.71 
8.4397 6.6587 27.9759 21.7095 2028.72 
5.61218 7.71177 12.8 15.6979 572.072 
11.6233 11.4533 22.7989 17.5285 636.997 
7.18619 14.031 13.224 17.4169 822.847 
10.1596 12.8346 21.1568 15.3093 1358.04 
13.9457 9.2424 18.0408 24.2878 1423.45 
13.3741 14.2651 20.3708 20.5381 857.703 
14.144 11.3316 24.9743 20.8249 814.134 
10.9495 14.4433 15.909 17.9159 1980.74 
8.39122 14.2602 23.0786 13.6327 1509.14 
10.0946 13.2831 23.4575 21.7016 892.299 
10.2714 11.2107 12.4017 13.7972 1761.42 
5.48015 12.2445 24.7663 23.4791 533.783 
8.37408 7.0003 24.1625 18.0049 1758.29 
7.68291 11.2982 21.3526 20.4798 666.464 
8.11948 8.62491 11.5828 23.1607 567.956 
9.27039 9.28288 11.969 15.7137 652.868 
5.86026 7.48863 10.2053 13.8867 1104.1 
14.5112 13.7773 16.1498 16.589 1887.35 
14.1796 7.51547 16.7055 18.0507 628.305 
7.3261 6.5432 20.6838 19.2951 2335.53 
12.6235 10.7083 12.42 23.4063 1165.19 


Individual: 65
13.3741 11.1052 18.3956 18.9555 1446.19 
13.133 13.3063 28.3227 20.1415 1422.28 
8.86819 8.55228 15.3564 24.794 1632.48 
7.7297 11.3171 22.0186 23.5033 670.022 
6.75525 6.57886 22.9203 19.7206 1603.12 
7.03545 13.115 14.789 19.2821 1588.36 
10.9063 6.36146 22.6528 13.6948 2499.03 
13.2857 9.35582 21.6021 16.301 937.19 
13.5916 12.1866 23.5196 16.1822 1293.64 
7.00034 13.1489 24.945 17.8432 1294.03 
10.6584 13.5956 27.9377 24.9113 1862.53 
7.42268 6.05779 28.218 24.239 810.78 
11.1174 14.9961 25.8745 16.2533 1044.53 
12.5998 14.9661 16.8821 19.698 2165.22 
9.07597 9.34501 20.5527 17.8922 655.306 
9.18451 14.5445 13.9133 18.7087 808.315 
12.774 6.18839 20.948 22.0975 1887.12 
10.9845 8.1572 26.4217 15.3468 985.74 
7.21788 10.5738 10.2956 14.7757 573.284 
12.0274 12.2937 14.4681 14.1255 1555.98 
14.4176 11.3042 12.2684 20.9081 908.677 
9.27656 10.0159 27.2804 16.1006 1041.6 
12.9162 14.9713 18.4284 24.3463 1693.36 
14.1593 6.83291 15.864 24.8974 2098.49 


Individual: 66
6.60374 8.65565 18.9703 13.1313 2072.34 
5.30526 13.8929 22.6808 17.0548 1935.18 
14.876 10.3986 22.7186 14.5651 1076.41 
9.31364 9.27395 24.9954 15.2234 1428.13 
9.80247 13.4912 17.8982 14.369 1630.52 
11.0811 11.3504 15.8265 16.4009 656.556 
5.04268 6.83148 25.7582 23.1418 2486.04 
7.38266 6.27062 11.7768 18.5084 1107.45 
13.5582 10.1496 21.5365 22.4328 1699.82 
8.3117 9.55657 10.2544 17.9742 1401.07 
14.067 6.64503 15.9895 21.0763 520.592 
5.95431 6.1448 15.6383 22.2659 1123.43 
6.27464 11.6731 22.056 22.7915 822.327 
7.77334 9.61291 26.525 21.8315 1438.17 
12.4435 9.74023 14.4492 21.823 1500.23 
10.0829 14.8338 17.1685 13.3502 943.587 
5.44385 14.5677 11.0858 22.4898 1259.1 
12.1828 7.04285 10.7692 14.4362 2379.08 
6.09195 11.0616 19.316 24.1641 606.328 
7.49073 14.4237 12.9559 13.2044 982.568 
6.76471 14.0772 21.9232 23.5555 2159.26 
7.32621 12.9822 19.3833 16.1108 722.788 
9.58807 7.04374 20.3173 15.0016 1355.18 
8.53495 14.9416 12.4355 23.9119 1930.13 


Individual: 67
11.6256 11.8151 26.5961 14.5556 1708.7 
11.566 6.40254 27.0669 18.5789 1972.76 
11.9918 6.28524 29.4355 16.18 2256.42 
10.6735 11.1338 13.3696 15.8451 2057.03 
10.9236 10.8908 16.894 17.8526 1262.81 
7.29585 6.0167 25.7276 13.535 681.42 
8.62285 13.3752 20.8329 13.4247 2082.24 
5.40001 13.17 18.9261 23.9706 1405.38 
14.7184 8.87881 10.0311 13.9487 1165.91 
8.23622 6.08295 23.1547 20.7415 1362.3 
6.87525 8.96323 11.9686 15.3871 1460 
5.59107 9 22.6557 23.1038 1361.1 
13.4043 14.7098 19.8697 15.9713 1524.58 
11.5151 7.34334 12.7932 13.4976 2000.07 
8.65022 8.19428 16.4318 15.8976 1636.25 
7.96926 13.9137 18.4421 16.2092 855.868 
8.57317 6.76625 26.7539 14.2955 2132.12 
6.88758 10.1773 11.1633 20.1084 825.034 
12.5379 8.64303 15.5198 14.7487 1738.36 
8.67608 12.7615 26.5048 23.1695 932.045 
14.4625 10.5745 16.1138 23.5317 610.718 
11.3121 7.64156 20.1492 17.591 1548.32 
7.47516 6.31158 10.2675 22.8701 1755.37 
11.1283 6.60685 18.0313 21.65 956.832 


Individual: 68
13.6998 14.3424 14.8627 16.9251 1218.57 
7.18976 6.56148 27.7665 15.7678 1735.19 
14.1231 8.63735 16.1686 24.5961 2259.04 
13.699 8.76397 26.1576 17.7305 2471.81 
9.64807 11.9257 12.2408 13.8352 2349.01 
10.565 7.73747 12.7482 24.7068 2119.05 
14.9345 13.8618 15.1649 17.5808 1224.67 
9.55932 6.13799 27.9961 17.726 926.879 
10.4083 10.2026 24.9547 13.0291 734.632 
5.46717 8.24115 28.179 20.0313 560.535 
14.5681 11.2663 13.3445 23.1236 700.845 
12.8778 7.9148 22.1838 19.5401 647.565 
10.603 11.6209 15.8623 15.8171 1049.15 
9.87982 10.1988 14.529 23.018 1509.05 
5.31966 12.3832 18.5907 23.1843 1995.35 
10.359 14.8144 11.7399 20.5418 1812.63 
12.0607 14.2116 25.3517 16.5338 660.696 
5.8587 7.9677 13.256 13.2437 1189.87 
11.0461 9.6962 18.3272 24.18 655.377 
12.6153 10.0172 27.3605 17.3366 1692.55 
12.1007 9.80206 13.77 16.828 1378.54 
10.4392 7.75118 18.2379 16.5312 2045.25 
10.6913 11.9793 13.955 23.8556 997.908 
5.92019 7.95272 20.4513 18.7434 1207.38 


Individual: 69
10.6875 11.4897 20.0886 14.5573 940.15 
5.30108 10.5981 13.5033 16.815 1220.35 
14.4651 9.84477 13.1385 15.5871 1856.71 
14.3023 11.5383 11.2038 20.3288 1950.55 
13.9447 12.3709 25.1682 15.6058 1047.26 
7.53898 8.32004 12.0967 13.7951 1024.43 
13.2336 7.24686 15.8279 20.5543 1138.18 
6.05996 12.1502 22.411 20.9565 1060.77 
13.0225 13.3176 28.089 20.3003 984.797 
10.3663 10.4929 20.7131 22.892 786.351 
6.10975 8.18867 24.3965 13.9119 1081.62 
14.8655 8.02375 26.5957 21.7064 2111.94 
11.4941 8.73563 27.7095 15.3774 1753.54 
9.76244 12.7351 22.2876 19.7856 1418.89 
5.74273 7.85876 12.1981 21.7069 1573.57 
8.76326 6.79896 11.1665 22.9834 1111.79 
9.76465 8.76226 13.4577 19.7224 990.069 
6.69102 14.577 12.3656 20.1121 1564.74 
8.29475 6.48376 11.7447 23.5252 1504.89 
5.35607 11.9421 13.5343 24.8626 2090.67 
6.01818 13.61 25.1583 23.6242 1337.46 
13.8492 9.64888 10.7383 14.0452 1017.85 
5.11317 6.75971 10.166 14.7792 2327.81 
5.73432 14.8084 23.1525 14.6376 1652 


Individual: 70
10.95 11.0829 12.5554 23.0907 1130.8 
7.98735 12.6112 18.6521 24.0778 1947.82 
13.2811 13.3948 21.7696 22.7916 2030.84 
5.34909 8.69022 25.6517 23.4316 2336.61 
11.0923 9.95946 21.854 18.865 914.426 
5.09076 13.211 29.0383 20.1927 924.016 
7.59069 12.3091 11.1135 24.0537 510.021 
11.53 8.89698 29.8943 19.8903 1105.75 
7.1562 12.4055 17.4105 20.0982 1591.53 
9.93219 6.47868 13.2797 22.568 2334.6 
8.5252 7.21218 24.3359 22.5662 1112.82 
7.97504 13.3685 11.3155 22.3223 2182.35 
10.2342 10.5785 11.6936 20.379 1362.48 
10.8796 10.6918 16.7411 19.6118 1938.23 
12.091 11.8988 17.4669 17.5753 2340.07 
6.55608 14.7881 12.1053 18.4564 1267.19 
11.4034 10.125 18.9031 19.2841 1330.55 
11.3644 12.6292 13.4723 21.9176 2031.63 
12.0892 7.08313 21.4244 18.4397 914.557 
10.392 7.39342 25.1793 13.8254 1341.22 
12.3427 8.91248 22.4387 23.3938 1960.95 
7.04861 9.93132 20.4708 17.3659 991.892 
10.0707 14.0063 11.139 21 1308.94 
12.2317 11.1301 25.9946 17.6509 873.84 


Individual: 71
8.27456 9.66218 11.4787 21.8222 931.482 
8.15336 9.12632 18.9641 22.6298 601.458 
5.6097 7.27863 11.0413 13.8104 894.036 
14.7449 8.44919 19.1215 21.1929 604.247 
7.61286 6.92308 14.6322 16.5124 1088.15 
8.78035 13.8898 24.4564 22.645 775.398 
13.2242 13.6181 11.0954 14.9884 1112.76 
13.8652 12.7608 25.5317 21.8469 724.338 
10.2806 10.9294 23.8715 14.0347 1920.42 
12.8434 9.64907 14.7235 17.1772 1629.94 
7.7549 11.1825 19.3169 24.2147 1325 
6.39529 7.77596 12.0319 14.7654 2123.65 
6.10547 11.8666 20.8397 22.77 2396.55 
12.9678 8.7524 28.7495 19.8676 869.538 
13.2896 10.8178 27.7896 16.2201 1819 
7.00693 7.92815 23.5424 18.3969 720.845 
10.8771 14.919 10.0092 18.4665 556.098 
8.06389 14.8663 23.9536 20.5285 977.452 
14.5748 7.40281 14.2336 24.3826 1486.42 
12.5853 6.44493 13.6752 16.9569 1969.16 
11.7129 10.071 27.3987 14.9049 1991.52 
7.14625 10.8802 28.2877 14.1593 955.728 
14.1974 10.1393 16.7838 17.583 701.107 
7.11074 7.74038 18.0508 15.2697 2007.04 


Individual: 72
7.89444 13.2294 21.5946 15.3169 843.766 
6.29583 9.57131 26.3146 20.7112 669.512 
11.6759 6.3969 19.6821 17.0583 528.907 
10.683 13.1992 27.6715 22.5661 2493.85 
8.01717 10.6048 15.8348 15.8013 2119.4 
14.0887 6.74198 24.9676 23.781 2125.55 
9.67701 6.08973 28.0839 21.9694 847.421 
11.7615 11.8424 10.3687 14.9554 1430.53 
12.3744 6.38918 11.4856 17.033 1068.58 
14.9606 7.17657 29.1615 19.6427 1723.34 
9.95218 9.10971 18.0095 23.6143 549.946 
6.71206 6.04423 26.7145 14.9107 1725.63 
11.2698 10.6175 21.8939 20.1973 2189.3 
14.5201 13.9949 19.2195 13.4509 2309.6 
11.5381 9.14114 12.1951 13.6526 1551.84 
11.2732 11.0434 16.1538 22.7466 1014.91 
12.1947 12.6204 14.8996 17.1935 1382.66 
10.2678 6.22419 26.4163 18.2243 929.347 
7.35321 6.76554 28.7898 18.0461 1572.1 
10.4877 10.5764 17.3913 22.1099 2289.98 
14.4402 9.72956 15.0052 19.687 832.594 
7.03961 11.878 25.824 15.9201 705.975 
9.53289 12.0538 14.1095 21.1566 1726.97 
8.64025 8.22222 26.0363 15.302 576.259 


Individual: 73
14.9713 10.9145 14.6101 22.7212 586.932 
6.95435 13.9755 27.5518 19.7867 2159.9 
13.2318 14.4966 17.0452 17.5771 1305.68 
12.7703 9.94556 17.1174 23.0652 1722.17 
5.94363 13.8454 11.6819 16.7996 1026.32 
7.95641 7.65164 19.0453 24.6402 2191.62 
12.7365 13.7722 19.2801 24.082 606.692 
10.245 10.2252 27.5577 17.7733 2166.55 
6.30697 13.8119 26.9692 13.9493 553.273 
8.28414 13.9615 13.9159 22.7091 860.973 
11.9257 11.6499 14.2889 20.6898 1243.12 
9.10734 11.9316 23.441 22.5715 1642.44 
11.3062 6.40471 21.4758 16.9057 969.547 
7.01637 9.93771 28.7996 16.4369 1893.02 
10.5607 10.8807 18.3425 17.616 1107.04 
9.15301 13.4841 20.1972 18.9038 1226.46 
8.02027 14.6358 13.7871 16.0491 1733.62 
11.5433 8.08244 17.6381 15.3835 508.159 
8.81196 13.2735 17.1914 13.4737 606.989 
13.4176 10.6236 11.9367 17.0572 521.703 
5.85099 13.0408 17.9137 16.4406 1085.82 
6.02098 13.6769 25.0635 15.7469 702.463 
7.18182 8.26104 11.0897 21.3869 2290.24 
6.27121 11.8165 15.7073 15.6259 1246.63 


Individual: 74
12.9928 9.45512 28.9425 14.8028 1744.85 
12.1939 14.4503 24.3258 21.6187 2230.2 
14.1837 9.4971 23.2813 18.3874 522.323 
6.18025 10.4289 25.319 16.9216 1280.69 
13.0667 11.0149 24.2359 19.888 1700.84 
7.91677 10.0242 20.4179 21.4471 1487.26 
6.10967 6.46862 12.0288 16.8117 673.588 
12.2876 13.2469 11.2425 14.5362 1032.31 
8.17249 11.4349 25.953 24.6163 2414.32 
5.15523 14.8361 27.6047 13.3302 1712.48 
5.68858 7.77262 29.2211 21.0996 831.434 
13.9037 10.7245 11.3653 24.2003 1615.87 
8.74414 12.6926 19.2403 14.5919 2444.19 
10.6584 11.8204 12.8226 23.4621 963.756 
11.5596 13.5842 15.2715 16.4594 537.103 
7.83041 6.19563 25.1681 15.4003 2180.73 
7.39639 10.3009 15.8942 23.2571 972.825 
11.0365 6.94455 13.607 14.6035 1839.78 
9.93071 14.8704 28.2305 18.9394 2419.75 
6.66116 13.937 24.4155 14.1057 1130.95 
9.05945 12.7051 29.3585 13.5087 547.196 
9.61625 7.28779 21.068 24.9394 1846.17 
5.93194 12.3848 10.7646 23.2313 1707.39 
13.2411 7.71773 11.7875 16.5158 1325.49 


Individual: 75
6.73596 14.6301 28.6967 23.9162 1052.73 
13.2346 7.672 25.8407 14.8768 1036.39 
10.414 6.54634 10.0223 19.0094 1020.37 
7.49512 14.2371 26.0257 17.3796 1331.05 
10.8968 6.9843 27.5342 21.5944 2403.17 
5.35334 10.3094 28.4099 15.6768 852.993 
8.39914 10.0956 14.3598 14.7816 2251.12 
7.1921 6.29006 17.563 14.5773 840.755 
7.44367 7.35711 17.4375 20.8716 1718.28 
5.63587 12.7814 28.212 16.1368 896.587 
14.2818 10.1786 20.9966 19.8867 520.3 
14.4587 9.3491 13.8974 16.3235 1584.87 
14.3865 7.43407 11.2736 13.9228 958.514 
14.7852 10.1291 24.7057 22.6897 667.688 
8.71772 12.7131 14.1631 21.861 1036.12 
8.93853 8.85195 18.4762 24.3535 2189.24 
9.57643 7.0848 26.8856 16.3924 2390.85 
6.3682 14.004 28.1369 24.9258 1002.35 
14.2903 13.0622 13.9222 23.9399 1104.64 
13.0424 9.70309 20.1937 23.8218 543.434 
5.83827 6.75262 15.99 22.8786 589.98 
13.1834 10.4012 18.5019 15.7484 1724.92 
6.58894 14.7034 15.527 13.7449 1990.85 
5.86882 6.76061 16.7835 13.3112 942.914 


Individual: 76
8.4502 6.43657 12.7221 23.8075 809.366 
9.15189 8.07403 19.8383 20.3657 2444.76 
6.11561 12.2097 21.3562 19.9564 1847.78 
8.82317 11.0384 18.0694 21.9317 628.008 
14.8586 6.52829 15.1156 23.7229 1047.71 
13.2815 12.1079 12.0591 22.5083 2233.41 
5.8711 7.71844 29.7745 15.1885 887.652 
7.15305 10.1382 28.6673 16.3496 1249.08 
7.13542 13.3772 12.3696 24.8663 1533.77 
9.4438 11.4827 10.6429 17.6042 1742.35 
13.1809 8.64096 12.5051 19.2392 688.32 
6.53497 9.0335 13.2095 24.5699 1340.26 
14.5711 12.9732 25.0965 15.7859 1323.87 
5.06427 6.00908 26.9014 18.9083 2358.05 
6.37821 11.9312 19.7248 18.0438 963.93 
10.3333 12.6037 13.1073 13.0244 1351.79 
14.8114 12.9749 24.7826 14.1135 1756.15 
14.3391 9.88401 13.9785 24.735 976.445 
8.80003 11.5176 25.2964 20.6951 1586.13 
13.3413 7.57065 22.5028 16.1615 983.391 
5.50822 14.7566 10.5414 24.206 731.873 
8.10477 8.43704 11.6184 14.623 2202.15 
6.90422 12.0481 24.0087 21.7912 747.825 
6.10724 6.98604 18.0162 22.074 681.916 


Individual: 77
10.5463 6.47055 17.6786 16.0852 784.689 
5.47703 7.71448 27.6399 18.206 686.224 
9.81759 12.6073 14.6816 23.2788 2397.88 
6.64523 6.56596 21.2588 24.9992 2127.62 
10.7912 12.4286 22.3077 20.9497 1540.65 
13.6377 14.1566 22.8944 18.0846 595.396 
11.1663 9.43617 27.4521 15.0968 1303.28 
6.36491 7.59382 27.1871 19.4789 2060.01 
7.00808 8.17656 15.4781 19.8921 1367.6 
12.0979 13.2695 17.0243 22.1986 600.597 
5.2001 14.6651 16.3715 16.0393 2356.73 
14.4663 11.4236 26.0647 23.1909 701.663 
9.52599 10.4454 21.0273 19.5333 1272.57 
8.0407 11.4531 16.2014 23.7799 2267.19 
11.6211 10.572 21.4708 13.6613 600.033 
7.77256 10.9871 21.1444 13.7429 1489.84 
13.391 7.56346 19.4235 24.8374 1022.23 
8.21624 12.7367 23.2906 15.2343 546.667 
7.5978 8.61364 13.4574 19.6027 1109.43 
9.41707 9.40432 26.2599 20.0787 1382.19 
6.85919 9.35098 26.7923 18.4643 2137.1 
10.3252 9.96025 11.2744 17.891 768.386 
7.20556 7.0182 25.8853 16.5925 2086.61 
12.0821 6.97406 25.441 14.2343 1490.06 


Individual: 78
11.6647 6.94342 19.1569 22.2133 655.827 
7.39113 7.08096 18.4742 13.4086 1720.32 
7.95281 13.948 22.4415 16.9535 2062.74 
11.7943 6.3554 12.9379 17.0143 679.191 
8.40384 8.65594 14.8667 23.1486 2417.5 
11.5462 14.5917 14.5188 22.0235 1710.99 
13.6429 13.4803 26.8287 17.7569 626.113 
7.34115 8.12809 11.8821 15.2544 1416.84 
7.46726 8.01567 26.012 13.69 2126.85 
11.1631 8.03541 20.278 21.9595 1527.33 
7.39485 6.42498 26.8787 18.4593 2366.54 
12.7062 9.46274 13.7022 16.6575 957.841 
7.41353 12.078 16.7444 19.6847 1074.53 
11.5866 12.7365 19.6459 20.4179 1399.66 
5.34835 7.4052 15.1897 18.1156 2171.41 
5.88132 12.8548 12.5229 13.3768 1123.24 
6.86687 11.0357 24.5712 15.5455 1294.97 
5.96285 8.00242 20.8116 15.2068 1577.32 
10.924 7.69165 11.6116 19.719 1363.22 
8.08276 8.24338 20.0657 23.4695 1490.3 
12.0258 7.30984 11.0045 15.1835 1748.51 
10.976 10.1556 13.314 15.6027 2419.75 
9.40657 6.0626 26.6226 20.6698 724.453 
6.83066 10.7502 29.3814 16.3864 906.802 


Individual: 79
9.19652 7.25648 11.4102 18.0551 921.329 
7.83919 7.59795 27.7531 18.0933 1435.15 
6.08993 11.4968 20.5702 15.7339 977.785 
11.0041 9.79901 28.2313 21.2388 990.232 
8.23045 13.744 10.8881 13.115 1175.05 
14.8678 10.9723 28.5464 20.5489 983.028 
9.44512 13.8562 24.484 23.4973 733.766 
6.89065 8.49207 11.6862 13.8904 2269.7 
7.95107 6.48816 17.0581 13.5072 2206.61 
5.98438 13.9342 14.8702 15.8266 1388.67 
8.39695 14.4695 11.1799 15.3127 697.28 
11.5385 9.6982 14.7765 20.7101 1703.43 
6.89528 7.28866 27.4985 15.8906 1225.11 
10.1291 9.87973 22.1591 18.3314 567.746 
9.54276 6.89214 15.7799 22.1493 2212.69 
6.59424 6.80624 10.6847 19.6649 2253.82 
6.05178 14.493 15.6405 22.6519 2166.36 
6.24225 8.21053 27.0549 19.74 2182.93 
10.2219 11.5486 20.3859 17.7295 2143.44 
5.74713 7.67915 16.8149 19.5359 2102.95 
13.1842 13.9742 13.2151 22.4747 837.274 
7.04822 6.40655 21.5667 14.6833 1860.76 
11.3732 8.69015 12.6348 15.4734 1646.65 
12.3558 11.1271 25.4421 20.8072 1050.43 


Individual: 80
6.07948 10.8617 27.0739 20.6647 2219.51 
10.3615 7.44304 18.2094 18.8469 1026.81 
10.3206 9.89572 16.3723 18.887 1095.28 
11.3908 8.59061 24.2042 17.5828 1646.31 
5.57844 11.9931 23.9036 23.6955 1706.08 
7.78254 7.63212 29.3633 19.4359 1695.07 
8.89247 11.4097 20.0356 15.1893 1579.08 
5.87783 10.6512 22.8858 24.9625 1220.63 
14.2308 11.8198 11.8922 22.8323 717.641 
6.98168 14.1269 24.7992 13.9676 2398.44 
5.27397 7.13813 12.6626 15.3727 2080.63 
5.81056 8.49148 20.4918 16.0845 1601.21 
5.32538 12.038 18.2648 18.0902 2486.77 
8.71542 8.17306 26.0126 16.0071 1156.43 
8.33574 7.07575 27.5887 14.9675 667.583 
7.01678 11.2603 21.878 21.4975 1971.5 
7.31895 10.3239 20.4331 13.2848 1765.15 
6.79546 12.4825 17.3275 15.9716 1310.91 
5.40122 8.90741 11.5427 19.8534 765.199 
5.9081 11.8584 20.4202 24.0915 677.381 
11.2773 9.01134 14.685 17.4114 1720.3 
9.14683 14.6088 15.5212 17.3617 1789.04 
13.3731 10.9809 28.2417 18.9074 1040.79 
12.9253 11.9243 12.4064 18.7881 1242.66 


Individual: 81
8.31621 7.54068 14.3331 22.5631 2345.51 
6.31825 10.8837 13.669 20.9539 1889.65 
7.21819 7.87232 21.3594 22.0545 1870.33 
10.5902 13.7943 17.7602 23.953 1370.83 
13.8382 8.86066 21.0173 19.7583 1689.09 
14.2961 10.0243 25.4816 21.7365 594.309 
7.70602 14.683 16.336 22.8201 2251.69 
7.72069 10.6989 21.9436 23.9735 971.03 
13.4453 11.2454 22.6407 24.1448 535.506 
8.5511 6.34129 20.7837 15.659 2392.67 
9.84441 14.207 23.0438 15.4426 1104.19 
14.5314 10.4978 27.635 13.2781 726.661 
6.94888 10.5797 20.342 21.7764 1428.76 
8.27676 13.974 10.6343 14.3407 1212.26 
11.2136 7.51517 13.2947 14.8564 815.738 
6.60618 8.81356 12.0346 21.6235 1861.79 
14.5619 9.57326 29.4906 22.1723 1460.83 
5.65736 8.66549 16.0237 21.5967 1506.09 
6.53715 6.22132 21.1359 15.6333 1435.5 
9.53823 13.367 25.9447 14.5681 1018.26 
7.74358 8.47474 20.8081 15.2997 1033.83 
7.18346 10.0526 28.4386 22.0694 780.087 
6.83137 1.#INF 22.7952 21.1854 2389.36 
6.912 11.4328 28.4043 13.928 1327.3 


Individual: 82
11.9631 6.83102 27.496 16.1457 803.357 
10.9256 7.51905 27.3702 22.7105 2235.93 
5.62914 14.8529 15.9154 21.5336 2405.17 
14.518 6.04206 17.6356 22.3488 1812.46 
14.0672 7.74652 11.7647 22.621 1527.12 
5.42357 11.1147 26.9763 13.7421 1306.95 
11.0201 10.7542 27.6184 22.4426 974.176 
6.66367 6.15454 28.1921 19.8881 2071.66 
7.80123 13.1026 19.7163 14.7466 2151.57 
7.29568 12.6236 12.0366 15.9445 1496.88 
13.565 10.1696 24.9841 22.7359 2063.06 
12.1339 7.78157 20.2382 13.9078 1042.96 
6.32917 8.37273 16.9289 14.1411 968.401 
12.7051 7.78538 14.906 15.2282 1713.88 
5.23481 10.7089 21.5447 15.7498 2314.71 
7.79266 14.4478 20.312 24.1032 964.99 
10.2591 14.7225 13.6801 13.3778 1791.3 
14.4631 6.88496 23.7111 14.8783 1336.05 
13.2608 8.21607 13.5264 14.5105 1930.14 
12.0732 10.3623 24.8875 23.1899 1028.17 
10.262 12.0255 23.5856 19.9267 803.906 
8.86939 12.1632 10.4221 15.3423 706.594 
12.0386 7.7721 14.6295 21.2025 1462.74 
9.31969 7.74528 17.394 13.6021 1114.7 


Individual: 83
7.9683 10.186 26.0049 22.5185 636.456 
9.39708 14.7061 22.6028 23.0106 1130.17 
12.0693 9.18364 27.5005 23.9937 2088.83 
9.6364 6.03794 13.8109 13.7865 2162.78 
10.1918 13.7772 29.6524 15.9794 581.056 
10.8527 11.4653 20.4842 17.1026 554.515 
12.0878 14.6843 14.6937 23.6417 2411.57 
13.3789 11.6087 13.5562 18.2925 1394.22 
11.7479 10.5382 20.5526 13.7757 1070.47 
8.49297 11.2554 14.6043 22.8568 855.939 
8.34635 6.55935 10.2356 23.7343 2174.68 
13.6519 7.38246 10.7294 22.4679 1412.86 
8.90781 8.79877 23.4888 15.9716 758.411 
10.2053 12.1284 10.3393 15.137 2480.91 
7.88159 8.60408 29.151 18.4729 814.079 
13.5558 13.299 10.6003 23.6752 778.742 
10.2776 10.9725 11.2617 21.1369 1767.53 
6.05041 12.4937 21.1039 21.3856 2449.11 
12.4856 8.09189 13.5873 13.7113 699.511 
8.78549 12.6352 18.9281 14.9026 1225.64 
9.16897 10.8959 27.049 13.17 1718.15 
13.3886 7.33421 27.2039 23.157 1528.13 
8.50629 12.3779 10.0584 23.996 1462.39 
6.64676 9.42959 26.8445 15.2724 2484.78 


Individual: 84
6.72384 11.9357 28.2317 15.5579 1331.61 
12.3259 7.43492 24.1146 23.4554 1117.34 
10.8706 7.30435 24.6939 17.973 1116.82 
8.80674 14.7872 11.8114 13.4581 1531.79 
10.1016 10.2 22.1426 20.0088 1871.23 
6.44353 13.2761 11.1454 14.1097 1206.29 
9.09159 6.93391 17.6823 17.8713 2061.77 
9.759 8.19234 23.2652 21.8564 641.204 
7.34225 6.74124 10.3843 14.0319 2403.8 
12.6907 11.6276 22.474 16.6264 1539.27 
11.8937 7.76592 24.9971 13.714 1355.07 
5.84921 9.41448 15.1642 21.8588 568.983 
13.206 8.06899 26.2062 18.3295 1936.01 
7.02338 12.2416 24.1145 18.7393 1216.65 
8.77323 10.782 20.4022 17.1962 2480.48 
14.8885 14.4654 21.7303 23.3373 1615.52 
11.0892 13.3708 13.8762 17.7513 2331.31 
6.62963 8.78011 24.5579 20.6981 798.326 
10.6849 7.13913 14.5991 24.7691 961.808 
7.68581 8.31176 14.4212 15.3971 1323.72 
5.6723 7.60869 22.9073 22.0122 2418.58 
14.8413 10.55 24.43 22.5113 522.963 
13.6004 9.336 27.127 17.7877 2162.97 
8.66874 10.4598 17.6764 17.6601 2307.21 


Individual: 85
5.83935 12.6492 17.8264 17.2154 1348.82 
8.1814 9.56391 24.6926 15.8942 993.048 
14.8625 14.4574 15.7587 21.4711 1299.43 
14.3204 10.0139 11.095 16.2679 2181.17 
12.0353 13.1953 14.4741 17.8489 2461.3 
5.77816 9.88785 13.4538 15.6848 910.41 
8.68214 9.79894 11.964 13.9438 652.074 
7.02589 6.48692 12.2016 21.2063 1871.48 
12.3741 12.3489 17.0044 15.6657 734.103 
5.24089 9.28403 17.2266 22.3571 2333.44 
11.9907 13.465 26.1292 17.2217 606.336 
11.2873 7.33816 28.7538 18.3045 1767.11 
12.4801 11.3214 16.9845 15.2555 1359.57 
13.3702 7.06555 12.422 18.926 2017.31 
6.31385 9.16851 16.9144 13.2116 1060.84 
7.44616 12.335 13.9177 14.767 2277.2 
11.2431 7.39747 16.1994 19.8513 1329.1 
5.86674 10.4812 21.7182 24.902 1482.45 
14.9648 13.1984 17.7634 13.3249 1546.56 
6.15634 11.9522 17.9907 19.3985 954.603 
8.38607 6.85213 24.2814 20.8888 1580.53 
10.5542 12.4069 29.6415 13.7134 1107.83 
6.04938 12.1227 17.0081 17.1341 1086.91 
13.58 9.11626 12.8037 14.7368 1892.26 


Individual: 86
5.92685 8.75703 28.199 24.7822 2015.23 
13.3781 10.4704 13.383 20.4159 1031.75 
12.2819 12.1774 13.33 16.7162 2248.45 
5.34417 13.7505 19.3367 16.5952 937.05 
13.7107 9.4184 16.0074 24.3876 939.531 
5.2562 7.4499 23.4061 20.4423 2184.95 
5.6367 8.88481 18.983 22.4285 1486.9 
8.24844 14.24 13.7413 16.2459 1389.43 
5.86957 6.54641 10.48 23.8611 2266.07 
11.8721 7.65028 21.9882 23.7054 2424.2 
7.4983 11.4033 16.8629 16.2405 524.771 
5.94274 11.1681 15.0493 22.7853 1447.96 
12.2227 7.31125 27.5126 15.0283 835.71 
9.52884 9.86203 20.8807 16.6096 2002.95 
14.3419 10.5703 26.3795 21.6505 632.309 
14.4918 8.59709 29.7425 24.0463 1699.29 
6.03306 6.2863 19.2695 15.7355 871.533 
11.1883 6.67817 22.1625 17.882 1948.8 
13.0655 6.9296 21.6665 22.472 655.901 
8.48199 8.88715 10.3619 13.6208 1004.8 
12.0459 6.91019 19.5104 15.7672 791.6 
10.9999 9.13651 28.1158 19.3451 1312.66 
12.1095 7.48286 20.6978 16.3001 1633.57 
10.9325 13.7908 28.893 20.0462 2101.68 


Individual: 87
13.4555 14.7517 14.8525 22.6734 541.338 
8.03172 11.8487 26.941 20.3181 1164.91 
6.1817 9.05833 20.907 13.4076 2405.09 
13.9302 7.1681 17.595 24.9312 621.231 
7.7897 11.6949 13.7534 22.1458 844.67 
5.83646 11.1854 12.7539 20.8848 607.355 
13.7163 9.18861 17.4465 19.962 1977.73 
5.99706 9.37355 17.8665 13.0817 1913.96 
7.08479 7.5416 13.3361 24.8123 1363.47 
9.07567 14.2638 24.4444 24.355 2043.24 
8.74902 13.6077 12.0507 15 1585.45 
6.61329 8.73207 18.1365 24.6955 1154.65 
6.01004 11.6407 14.9293 17.2 811.978 
6.07575 7.68651 25.839 18.1225 2485.12 
10.518 8.48775 21.2957 15.0574 1497.4 
6.52228 12.575 25.7886 13.9779 2047.33 
8.41459 14.4974 29.2174 21.6365 527.951 
10.986 6.35783 17.2155 16.8917 1560.05 
9.09761 10.9074 12.4575 16.683 775.701 
13.8223 10.8128 17.5177 17.2229 502.675 
9.85883 11.9237 22.06 13.0472 794.601 
6.58089 6.94717 26.3841 21.9312 1258.86 
8.10588 13.1513 18.1277 14.5642 1854.15 
12.9377 11.1595 15.6316 20.1194 702.26 


Individual: 88
8.22697 10.305 21.5012 16.8205 1827.71 
8.76062 12.1097 20.9366 14.8205 2250.13 
9.10491 13.216 27.0832 22.2115 1637.91 
6.90551 14.715 11.047 24.8801 850.159 
14.6744 9.57524 11.8851 18.4796 1536.3 
5.97445 7.28585 23.7143 23.8212 1648.37 
5.42073 7.84831 20.9098 13.5698 690.7 
7.98969 8.90871 12.8448 17.481 1545.38 
12.4968 11.4847 13.9618 20.1645 1658.6 
10.5154 6.28813 17.8129 24.1496 2199.52 
7.15055 6.5229 21.8968 13.8827 532.262 
10.6151 9.78571 16.6297 21.3507 582.926 
10.9272 8.61 12.332 22.587 1294.02 
6.90479 8.65477 15.0346 16.0326 931.793 
11.5885 10.5739 22.3838 15.2564 1232.96 
14.9303 12.156 20.8758 15.514 1190.06 
5.42342 6.29773 17.9755 20.3992 551.216 
13.2417 14.9193 10.3399 24.1962 1721.47 
13.5189 9.86725 19.3039 15.7518 1656.4 
5.84641 10.3673 26.8405 13.5758 991.292 
11.4034 9.15989 12.0275 15.5359 598.635 
5.88856 12.4181 18.6866 16.6272 586.581 
5.61254 11.7288 29.1416 19.159 2385.51 
6.44493 12.5101 20.4757 14.3639 2236.84 


Individual: 89
11.2147 6.34494 26.9936 21.0053 1310.72 
14.3974 6.78086 23.0126 13.941 1174.86 
8.53207 7.71369 29.7239 15.8316 1203.83 
5.81579 8.02625 28.6022 20.7104 892.829 
12.1937 14.9908 22.9324 18.4806 548.595 
10.6958 13.8979 19.5665 17.6261 689.137 
5.11793 11.448 12.8093 23.7559 508.126 
7.85025 9.16059 24.682 13.9925 2222.13 
6.99628 9.62679 13.3415 16.379 1572.52 
6.12874 1.#INF 11.1765 17.2559 807.808 
8.65209 11.181 12.2424 13.3382 500.248 
13.0217 14.6505 13.2288 16.7285 1969.9 
13.8424 12.0156 28.8146 23.6619 1297.71 
13.1942 14.8462 17.1082 24.4603 2119.4 
9.94443 7.38757 18.9618 19.7746 2258.05 
11.8795 6.80726 17.4398 14.6431 2414.69 
13.1264 14.6185 11.9138 14.9699 935.683 
10.7682 9.93292 10.6161 14.7143 1032.5 
12.7264 6.70316 11.9627 22.0661 821.675 
8.81455 6.95239 19.2037 22.2617 1647.23 
7.92553 12.6147 11.5046 15.9826 2203.02 
13.5974 14.273 13.4852 21.0681 1707.86 
13.0726 10.4484 13.3323 13.004 1360.62 
9.02754 6.01997 17.2469 23.7848 1498.96 


Individual: 90
6.84021 10.2594 13.7144 22.8631 2103.55 
10.7895 11.8061 20.8252 18.4654 2315.82 
6.72273 9.6481 16.4086 17.0237 2443.74 
11.5741 8.65943 13.4471 19.2423 2020.03 
6.91358 6.20695 22.2767 14.2226 2107.27 
13.2263 7.77875 13.3113 17.2245 659.167 
9.62255 6.77685 11.754 13.7801 1080.18 
7.22102 13.9152 12.19 24.694 999.271 
9.06197 13.611 22.4072 15.2592 1347.42 
13.2181 8.45368 16.9651 14.9308 2164.33 
6.56717 10.95 12.5043 13.6306 1047.43 
12.737 7.43276 28.9225 14.2262 1038.89 
6.84151 13.3208 25.5617 16.8947 674.497 
6.69769 14.3249 29.3449 16.7283 1298.76 
13.129 10.735 11.2552 19.6861 1130.39 
12.3199 7.53336 21.932 22.2732 2049.77 
9.13272 9.74139 26.3243 16.2079 2064.59 
14.0063 14.2255 24.741 19.5417 1914.58 
6.94047 12.403 17.6918 24.5595 1515.29 
12.0177 13.8004 17.5725 15.9867 925.718 
5.15618 10.4592 22.9717 14.3463 1382.01 
14.7875 10.3839 16.5871 19.3154 1049.29 
11.7044 7.30893 21.3213 19.1169 870.251 
7.44143 6.5592 23.5992 24.1781 866.573 


Individual: 91
14.7058 14.1779 29.9284 20.3436 1202.41 
9.44608 7.34636 19.2547 14.7572 1070.72 
6.89107 14.2419 12.9009 17.8027 1924.47 
7.22375 7.73457 24.6424 22.235 820.275 
7.5701 9.68043 10.4105 22.5225 506.809 
10.0668 14.5459 28.9341 13.7312 1680.62 
11.9257 9.24407 12.2511 20.1537 711.652 
6.14431 14.17 20.2778 13.1964 2162.1 
9.40852 7.57827 13.6936 19.1274 2042.39 
7.99833 9.51877 18.9788 15.1923 2499.7 
10.6544 9.59095 15.7145 14.3199 543.145 
6.26156 10.0093 24.9162 22.2961 841.73 
8.28349 6.3991 16.2471 22.5812 603.57 
13.9469 10.298 28.6665 18.9035 1750.01 
9.58724 6.68882 18.9007 21 1121.66 
13.3914 11.5081 13.8188 23.2521 1859.22 
11.1954 8.07453 17.5043 21.7661 1912.19 
8.23529 14.9462 27.992 18.4454 1476.92 
13.3275 13.2209 18.6143 18.473 1577.95 
13.9924 9.38611 19.2281 13.4252 638.925 
12.277 10.7029 27.9955 16.6487 1005.97 
12.3897 13.8367 10.1731 13.3584 1334.21 
11.5642 9.45069 11.2229 24.4733 891.547 
13.1179 9.33776 15.7768 24.727 1392.18 


Individual: 92
8.81181 6.27528 28.7012 15.5579 1104.02 
5.18921 9.94815 13.3922 18.8657 2406.52 
14.1399 9.28094 13.0464 17.123 894.394 
11.8892 7.66104 27.4938 13.4821 1533.91 
8.6589 6.56946 14.1067 16.5548 1312.41 
14.1767 9.11158 10.4372 20.1074 1206.79 
5.5598 11.299 12.6453 21.7853 907.53 
13.3662 11.4152 22.7819 22.6955 1503.34 
11.62 12.5857 10.3859 18.8479 533.815 
13.8089 9.74685 24.9743 22.6801 886.489 
12.4363 7.71715 12.3454 19.1367 1265.38 
11.9985 6.24358 16.9655 14.883 1424.08 
12.1882 7.0572 26.2914 17.2287 1898.62 
6.91256 13.8287 24.2767 17.6042 671.824 
8.24696 11.1474 17.6977 23.8236 1036.53 
11.084 12.178 12.6317 22.2039 1306.98 
11.0576 10.0666 23.0992 17.5426 650.821 
12.6814 13.1484 25.0604 24.7156 1589.43 
8.1527 11.8753 17.9203 24.0186 2339.36 
8.78747 14.6549 20.3194 21.5002 1281.32 
11.5793 9.07428 16.3562 21.2493 2137.18 
7.61624 9.16532 18.9115 19.9923 1962.01 
10.392 13.7029 18.5598 13.4081 2429.13 
5.98259 14.9577 26.3535 24.1213 804.194 


Individual: 93
6.36121 13.1712 11.5199 15.8782 1002.3 
12.4235 8.57491 25.805 13.1155 1258.71 
14.4758 11.6438 19.002 19.0218 939.144 
13.5933 8.1863 21.4411 23.356 1444.88 
13.1869 9.28984 14.6496 15.9621 824.881 
9.09181 11.6344 27.5701 20.3231 1615.29 
12.4516 11.5248 21.0068 21.3137 1894.17 
9.88333 14.4113 20.5689 19.8682 1504.34 
8.47439 8.19201 25.2421 13.3316 1124.22 
9.83189 7.56851 13.8045 19.7777 787.08 
13.1214 6.13752 14.8646 20.8309 1921.59 
7.88822 14.4117 19.6479 15.5856 1349.12 
5.12397 6.16549 10.7817 19.65 1336.82 
8.583 11.1748 16.1407 15.1672 2156.22 
6.76917 13.7571 15.6811 20.8797 1976.47 
14.1812 13.5232 11.6671 13.4247 784.302 
9.44722 7.94399 15.7185 19.857 1975.38 
7.94297 6.88341 25.5278 16.7364 803.435 
11.1934 7.76899 23.0292 21.5592 2386.11 
14.0502 9.3693 29.5599 14.2406 1901.57 
12.1346 8.00413 15.0959 16.3775 996.276 
13.7171 7.62958 20.0676 21.5793 780.465 
11.9413 7.3665 22.6399 22.3351 1091.89 
12.4095 10.9158 21.8758 14.5818 1160.6 


Individual: 94
11.4218 7.28949 27.8426 13.8125 1432.33 
5.05969 6.13063 13.3557 13.3987 1983.25 
7.52743 13.4585 25.4132 17.7718 882.762 
10.494 14.588 12.9425 22.7623 562.761 
6.72742 10.0235 20.056 13.065 989.573 
7.807 7.31845 16.3644 24.538 2070.35 
7.99282 9.53963 20.9651 13.3439 595.772 
8.67552 14.8943 11.5676 15.4153 647.357 
14.8105 9.75146 15.4857 15.2286 1456.4 
11.5691 6.84022 20.7776 18.9437 1168.05 
5.4296 6.41822 26.4318 15.489 1313.42 
9.05432 10.2078 21.1571 13.985 1615.26 
9.78738 7.26889 18.6996 13.2839 1013 
11.2299 10.9945 25.6619 13.3546 1036.34 
5.90532 8.87057 28.855 14.7109 2415.47 
9.42711 10.1174 25.9726 20.0986 2197.98 
9.55245 8.4172 28.916 13.6267 1431.88 
9.00857 14.1451 10.8843 19.6634 2103.71 
6.83602 6.72983 18.8751 17.8462 2292.51 
11.8364 11.1731 22.9359 14.19 2321.17 
10.8257 8.35026 16.9555 17.9876 1429.14 
9.81751 11.2579 16.6044 14.7156 1245.06 
7.40306 9.95198 22.563 19.6973 848.478 
7.33621 10.8339 22.3409 20.6279 1006.02 


Individual: 95
6.59439 12.468 19.8769 16.5538 1972.57 
12.73 7.39239 13.4004 19.8043 1394.15 
12.945 12.8687 27.4007 17.4763 854.895 
13.0067 10.6153 19.9176 16.7891 1002.54 
9.82072 12.3267 14.9233 21.7681 958.237 
6.47805 10.9842 14.3247 23.798 545.828 
6.68088 6.94836 23.9817 15.7111 1927.49 
7.78523 13.876 16.8099 13.1796 1898.79 
9.90151 11.3389 25.2055 21.0715 1717.02 
11.9073 10.0255 25.5841 23.1246 1169.73 
9.44705 8.34637 22.4174 20.6118 574.986 
14.0561 14.6288 25.9336 14.3644 1568.86 
12.0898 12.8491 10.74 20.3898 2463.22 
8.30151 8.54403 28.9813 20.5498 1682.8 
8.47206 8.58703 14.1833 13.7809 1126.26 
9.22057 7.26445 29.8383 20.4318 1021.3 
5.03311 12.5661 29.2026 13.1091 1818.09 
5.45673 10.886 18.6929 17.7561 1993.59 
12.9512 7.27873 20.7359 16.7391 1824.33 
6.84013 8.26227 10.0597 16.4914 555.39 
12.3288 7.9375 29.9226 22.2031 2445.5 
8.81688 7.84899 28.7629 21.0704 567.794 
5.19838 14.0449 27.2032 15.2465 1423.89 
7.4 9.91654 10.3681 13.4718 617.266 


Individual: 96
9.48463 12.7599 20.2836 13.4157 2496.4 
5.22766 8.5841 15.1344 14.6278 2194.98 
6.447 8.32589 17.4394 20.1367 1189.02 
5.60741 8.7437 10.6341 15.7633 1951.94 
11.7177 9.1142 15.7314 18.8571 1754.98 
10.8475 11.2094 12.5645 14.0895 1184.64 
11.3069 10.257 24.2944 16.2312 967.162 
10.2102 13.3755 11.6833 14.8466 1035.52 
14.4279 14.9027 20.0179 20.6739 782.493 
6.78143 7.43484 14.5428 14.7528 1763.61 
14.2154 14.9333 19.3592 22.6547 1955.9 
13.0863 12.5799 29.6455 16.0202 1941.99 
6.67779 14.2776 29.9201 20.628 1019.66 
9.57883 12.926 10.7786 17.518 1799.14 
11.1571 6.34188 18.3687 13.9883 673.41 
10.728 7.39898 19.389 19.8271 2371.52 
6.10422 10.4109 25.245 13.4358 1229.25 
13.9899 6.48406 27.2776 17.3609 2132.27 
11.7434 8.54294 20.1179 18.5128 2364.37 
5.02633 10.1654 24.4214 22.0608 1882.61 
11.5786 9.37684 17.6059 22.9831 1465.98 
14.3934 12.2191 13.2891 19.4622 1297.69 
13.5479 9.88365 18.2621 19.1445 870.268 
12.1952 6.00792 11.3627 23.63 1286.32 


Individual: 97
10.5787 8.24478 13.1965 14.7199 1882.87 
7.69913 8.30289 28.4237 20.5912 765.871 
8.19039 9.87695 19.2442 20.477 1009.97 
5.46944 8.37027 20.8489 23.9116 1074.93 
9.01062 7.293 26.5353 20.7625 1330.48 
12.6191 7.25288 21.038 14.9015 541.643 
8.23951 7.3927 11.6995 19.2848 1219.54 
13.5309 9.54776 28.5145 13.4667 2439.28 
6.15212 10.2103 28.2873 13.9895 1676.99 
5.28423 6.1127 15.9055 14.5095 2483.62 
14.2479 7.95759 29.3379 23.3778 2467.38 
8.79565 6.29794 22.4856 19.2613 980.6 
6.06717 6.77844 20.7109 17.139 1760.05 
14.0252 7.06928 21.9283 18.4383 820.951 
12.3655 12.6428 14.1124 15.3804 1932.73 
12.9221 9.28805 14.4444 13.4994 671.726 
9.64814 6.27675 25.7815 13.2069 565.296 
12.9173 6.92464 29.7523 14.7062 1825.7 
8.89715 10.586 18.0397 20.2915 1144.24 
10.4995 11.2265 19.8679 15.3409 1206.96 
6.31615 9.22715 10.3249 23.0382 1797.25 
8.58039 8.88558 17.9472 21.0392 2419.11 
10.4933 7.46905 22.1556 15.3035 1316.13 
11.7558 9.19249 23.3102 17.4889 1609.24 


Individual: 98
12.4725 9.63459 19.5704 24.3559 749.099 
5.46172 8.91667 26.6469 18.3496 2281.63 
11.234 13.8334 18.8915 24.6414 1726.5 
9.71056 8.20904 16.8817 21.3415 1582.38 
10.5445 6.022 21.8475 15.2257 1707.4 
14.6383 11.6983 11.3838 13.517 1746.1 
7.19948 6.28964 11.4385 23.0855 1089.8 
8.87081 9.6869 10.7294 21.5164 1800.27 
9.58991 8.84295 28.5649 15.0943 1053.24 
14.4502 13.5824 26.3827 15.7882 1004.56 
9.38763 6.2223 28.2435 18.4624 1400.57 
6.60224 9.2516 10.7016 14.0848 1094.81 
10.2354 7.4987 19.4078 20.3155 783.417 
5.91997 14.4328 12.6783 22.806 2187.1 
10.6475 14.707 20.9041 24.3376 1949.65 
5.76007 13.1131 26.3371 23.8806 1706.39 
7.5022 8.13431 15.1517 22.7621 1343.55 
9.76557 6.81568 20.1301 24.2898 738.088 
12.0709 10.9521 24.8939 18.9673 770.543 
6.06702 7.68245 11.7327 14.3355 505.355 
9.42092 7.57404 14.4675 13.0341 1030.63 
12.81 9.94158 14.768 20.9428 1840.62 
5.03127 14.2582 22.5565 20.4406 674.524 
6.38207 14.8628 28.6648 17.5191 1034.85 


Individual: 99
10.3834 9.33438 21.1016 24.1824 895.283 
13.7512 9.2831 15.8005 13.804 2186.14 
5.78995 12.8161 13.5548 18.7501 2198.71 
11.4696 6.78974 13.8796 24.9637 608.931 
12.2681 12.4596 25.5637 22.388 687.84 
9.79379 9.2119 21.3966 20.9513 810.398 
9.32688 6.04047 12.7554 17.4142 1470.53 
14.3911 11.3572 20.4661 18.5526 2026.3 
9.59878 13.4825 27.6923 20.1327 2243.64 
7.22859 13.4801 22.4069 18.1472 2042 
8.14743 9.51699 11.83 21.4518 1227.91 
11.6117 11.8384 21.4817 15.0588 1890.07 
5.20966 11.4491 22.0942 23.2835 1777.91 
11.894 10.6752 22.2741 23.8019 1572.3 
12.5405 9.79517 25.1767 16.7103 1344.32 
12.7525 9.22409 10.4381 13.3185 1459.36 
9.23631 11.1581 22.963 17.0596 1416.69 
5.50528 8.58914 11.5342 20.5571 1470.04 
9.77963 9.41147 16.9046 23.3882 1421.03 
13.0699 9.46185 20.9598 19.3355 874.749 
7.88093 11.1868 15.1988 18.4683 672.957 
13.655 11.3948 15.6066 24.6405 727.859 
12.0195 6.25046 24.4665 16.7142 1088.91 
6.88748 10.165 21.8751 16.0307 511.869 


==================================================================
====================================================================
