MAINITR: 0
----------------------------------------------------------------
Best Fitness: 1.04458e+006
Worst Fitness: 1.06516e+006
----------------------------------------------------------------
P_h: 
98.5 49 56.06 211.33 
65.4796 47.0882 55.792 199.64 
54.8444 47.043 54.8239 186.316 
55.2265 49.3434 53.3538 170.17 
87.5112 47.6065 51.8995 153.01 
78.3232 73.8929 50.5281 134.836 
57.3361 52.1381 48.7826 115.648 
77.2836 57.408 46.5957 95.446 
72.254 38.2891 43.8907 74.23 
52.5735 39.9234 40.9264 52 
85.7785 39.6052 37.703 28.756 
61.9652 35.9699 34.6201 4.498 
53.5313 37.1098 32.1735 0 
82.203 67.9333 29.1736 0 
55.324 52.9917 26.0169 0 
85.7417 46.3612 22.2172 0 
63.1633 53.1373 18.2127 0 
86.4195 61.737 14.0035 0 
88.858 56.9742 9.02322 0 
102.021 49.8212 3.78378 0 
76.796 71.5513 0 0 
78.3276 71.743 0 0 
63.1744 59.6652 0 0 
94.8903 65.8232 0 0 
----------------------------------------------------------------
Best: 
15 6 10 13 955.11 
6.64006 6 10 13 1018.01 
5.26113 6 10 13 1011.24 
5.26113 6.35231 10 13 954.631 
10.5127 6 10 13 941.673 
8.9303 11.267 10 13 1062.35 
5.838 7.52024 10 13 1364.01 
9.02879 9.26826 10 13 1706 
8.14074 6 10 13 1993.56 
5.26113 6 10 13 2117.81 
10.9524 6 10 13 2015.43 
6.33672 6 10 13 2149.28 
5.26113 6 10 13 2084.07 
9.28373 12.6554 10 13 1993.31 
5.26113 8.98854 10 13 1972.97 
9.61744 7.57866 10 13 1891.59 
6.07172 8.86699 10 13 1974.92 
9.64973 10.9496 10 13 1955.79 
10.0552 9.96225 10 13 2065.13 
14.7459 8.37955 10 13 2105.53 
7.89645 13.3136 10 13 2079.61 
8.07254 12.5001 10 13 1963.34 
5.96115 9.10958 10 13 1723.94 
10.6997 10.0926 10 13 1429.46 


Volume: 
100 80 170 120 
98.7774 76.8278 168.2 109.4 
100.347 76.7544 162.2 98 
102.191 76.5188 154.2 85 
98.078 77.6748 147.2 72 
93.587 73.9691 141.2 59 
91.6922 69.3754 134.2 46 
89.7019 63.5528 126.2 33 
89.286 63.6568 117.2 20 
91.3593 65.9535 108.2 7 
90.1787 65.5018 99.2 -6 
94.3489 60.4946 91.2 -19 
94.8316 62.0351 85.2 -32 
99.1618 60.4303 78.2 -45 
102.686 59.6848 71.2 -58 
104.757 61.0056 63.2 -71 
108.266 60.6423 55.2 -84 
106.459 59.7931 47.2 -97 
107.936 58.9439 38.2 -110 
107.77 59.6683 29.2 -123 
108.995 62.6683 21.2 -136 
110.708 65.5966 13.2 -149 
114.708 67.5966 4.2 -162 
119.708 69.5966 -5.8 -175 

100 80 170 120 
97.7026 77.6996 168.2 109.4 
94.7904 73.8814 162.2 98 
90.5258 70.9117 154.2 85 
85.3155 67.5571 147.2 72 
81.3099 67.992 141.2 59 
77.9523 61.1738 134.2 46 
78.0949 59.7013 126.2 33 
76.7681 56.266 117.2 20 
77.9916 56.0094 108.2 7 
77.4451 52.1912 99.2 -6 
79.5128 52.5981 91.2 -19 
85.001 52.7282 85.2 -32 
91.0265 55.7282 78.2 -45 
97.0265 56.5144 71.2 -58 
102.026 58.5144 63.2 -71 
105.667 56.8803 55.2 -84 
106.057 56.8803 47.2 -97 
108.057 57.1361 38.2 -110 
107.037 59.1361 29.2 -123 
109.037 62.1361 21.2 -136 
110.636 65.1361 13.2 -149 
114.636 67.1361 4.2 -162 
119.636 69.1361 -5.8 -175 


----------------------------------------------------------------
2004.99 secs
MAINITR: 1
----------------------------------------------------------------
Best Fitness: 1.04572e+006
Worst Fitness: 1.06223e+006
----------------------------------------------------------------
P_h: 
98.5 49 56.06 211.33 
79.1675 47.9207 55.792 199.64 
61.0322 45.6993 54.8239 186.316 
59.6879 47.5628 53.3538 170.17 
75.9739 68.0468 51.8995 153.01 
59.3955 47.8464 50.5281 134.836 
55.2472 43.2429 48.7826 115.648 
81.2057 81.3857 46.5957 95.446 
58.8872 50.9098 43.8907 74.23 
84.1872 48.3457 40.9264 52 
75.2496 60.4871 37.703 28.756 
61.8483 51.4477 34.6201 4.498 
82.2664 37.3639 32.1735 0 
60.8682 37.8808 29.1736 0 
67.5626 53.7299 26.0169 0 
62.825 67.7641 22.2172 0 
63.6262 37.5317 18.2127 0 
74.9289 68.3912 14.0035 0 
89.6911 48.9945 9.02322 0 
89.5113 44.4908 3.78378 0 
72.033 58.0431 0 0 
67.8162 67.8403 0 0 
83.1253 68.9014 0 0 
65.7432 63.025 0 0 
----------------------------------------------------------------
Best: 
15 6 10 13 955.11 
8.81155 6 10 13 1004.4 
6.21227 6 10 13 1003.99 
6.21227 6 10 13 949.813 
9.17242 9.24966 10 13 930.289 
6.63925 6.05891 10 13 1105.13 
6.21227 6 10 13 1369.3 
12.075 14.4221 10 13 1677.08 
6.78694 6.84586 10 13 1998.87 
13.0666 6.56549 10 13 2075.83 
9.58166 8.85846 10 13 2009.47 
6.7906 7.77741 10 13 2139.46 
10.3834 6 10 13 2055.51 
6.21227 6.08424 10 13 2051.28 
7.03559 8.53327 10 13 1961.35 
6.21227 11.9338 10 13 1897.73 
6.21227 6 10 13 1993.07 
7.79883 14.4221 10 13 1961.41 
10.3689 8.56443 10 13 2074.65 
10.3723 7.47028 10 13 2126.92 
7.25731 9.58683 10 13 2098.23 
6.61231 11.3702 10 13 1976.85 
8.7129 11.2368 10 13 1694.87 
6.21227 9.52156 10 13 1461.11 


Volume: 
100 80 170 120 
97.6878 78.1928 168.2 109.4 
94.3756 74.603 162.2 98 
90.0634 77.603 154.2 85 
85.089 78.6683 147.2 72 
81.0938 77.3878 141.2 59 
78.3477 70.8143 134.2 46 
76.0355 71.8143 126.2 33 
77.6342 73.8143 117.2 20 
78.0114 72.7133 108.2 7 
79.7608 70.5234 99.2 -6 
84.5872 66.2655 91.2 -19 
87.2161 62.3822 85.2 -32 
93.8214 62.3046 78.2 -45 
96.1353 63.658 71.2 -58 
101.135 62.8728 63.2 -71 
104.75 62.6119 55.2 -84 
103.926 56.4078 47.2 -97 
105.926 57.4078 38.2 -110 
105.324 59.4078 29.2 -123 
107.324 62.4078 21.2 -136 
110.324 65.4078 13.2 -149 
114.324 67.4078 4.2 -162 
119.324 69.4078 -5.8 -175 

100 80 170 120 
102.196 76.5549 168.2 109.4 
98.2242 75.0653 162.2 98 
99.7339 73.9313 154.2 85 
95.0149 73.9741 147.2 72 
94.5177 73.8991 141.2 59 
90.0929 68.3075 134.2 46 
87.1071 69.3075 126.2 33 
85.2507 71.0584 117.2 20 
85.8533 69.8086 108.2 7 
87.6115 65.695 99.2 -6 
92.4433 61.4311 91.2 -19 
93.6384 57.7552 85.2 -32 
98.5515 56.2812 78.2 -45 
100.921 57.7876 71.2 -58 
105.753 56.0518 63.2 -71 
105.073 56.8025 55.2 -84 
107.905 56.8025 47.2 -97 
106.199 57.8025 38.2 -110 
106.841 59.0392 29.2 -123 
108.673 62.0392 21.2 -136 
111.505 65.0392 13.2 -149 
115.336 67.0392 4.2 -162 
120.168 69.0392 -5.8 -175 


----------------------------------------------------------------
2284.25 secs
MAINITR: 2
----------------------------------------------------------------
Best Fitness: 1.04686e+006
Worst Fitness: 1.06344e+006
----------------------------------------------------------------
P_h: 
98.5 49 56.06 211.33 
59.9777 73.1979 55.792 199.64 
59.889 44.7054 54.8239 186.316 
86.451 68.0492 53.3538 170.17 
77.225 39.2637 51.8995 153.01 
74.4629 54.7198 50.5281 134.836 
57.2314 38.4474 48.7826 115.648 
73.4907 37.0999 46.5957 95.446 
86.1571 35.0147 43.8907 74.23 
93.4817 34.1349 40.9264 52 
58.013 54.292 37.703 28.756 
58.9174 35.8013 34.6201 4.498 
58.7752 32.816 32.1735 0 
59.8149 43.4144 29.1736 0 
99.6535 52.9397 26.0169 0 
61.2125 52.5822 22.2172 0 
60.7083 32.6991 18.2127 0 
71.6229 63.1395 14.0035 0 
78.7169 58.1986 9.02322 0 
63.9263 35.0041 3.78378 0 
86.3962 63.6319 0 0 
62.0737 56.3039 0 0 
93.7787 76.6542 0 0 
66.8444 72.5509 0 0 
----------------------------------------------------------------
Best: 
15 6 10 13 955.11 
5.89251 10.8324 10 13 999.457 
5.89251 6 10 13 1008.62 
10.5655 10.6261 10 13 902.944 
8.85227 6 10 13 956.003 
8.25951 8.5105 10 13 1084.38 
5.89251 6 10 13 1377.21 
8.48851 6 10 13 1730.8 
11.6277 6 10 13 1979.93 
14.1662 6 10 13 2079.67 
5.89251 9.02971 10 13 2032.35 
5.89251 6 10 13 2156.74 
5.89251 6 10 13 2081.77 
5.89251 8.12633 10 13 2039.52 
14.7692 9.52354 10 13 1923.8 
5.89251 9.66956 10 13 1909.21 
5.89251 6 10 13 1994.88 
7.26687 12.2548 10 13 1968.41 
8.32977 10.5959 10 13 2074.85 
6.22557 6 10 13 2160.87 
9.57487 10.9297 10 13 2075.4 
5.89251 8.79981 10 13 1991.05 
10.7155 13.9019 10 13 1674.23 
6.34081 11.8682 10 13 1450.42 


Volume: 
100 80 170 120 
99.824 75.4365 168.2 109.4 
99.4539 73.0486 162.2 98 
94.9374 69.4851 154.2 85 
91.825 65.0193 147.2 72 
93.2784 65.135 141.2 59 
89.9987 63.8767 134.2 46 
87.4822 62.0216 126.2 33 
86.6284 59.2228 117.2 20 
91.5595 58.0664 108.2 7 
92.5185 61.0664 99.2 -6 
95.6768 60.2687 91.2 -19 
95.1603 56.3587 85.2 -32 
99.1486 53.4557 78.2 -45 
102.576 56.4557 71.2 -58 
105.593 55.23 63.2 -71 
103.077 56.2088 55.2 -84 
105.203 56.2088 47.2 -97 
105.478 57.2088 38.2 -110 
105.71 59.2088 29.2 -123 
107.71 62.2088 21.2 -136 
110.71 65.2088 13.2 -149 
114.71 67.2088 4.2 -162 
119.71 69.2088 -5.8 -175 

100 80 170 120 
97.7449 74.6091 168.2 109.4 
94.9351 72.3489 162.2 98 
91.3988 69.8857 154.2 85 
86.4097 67.3199 147.2 72 
82.131 63.9645 141.2 59 
78.4493 59.8186 134.2 46 
77.3689 58.163 126.2 33 
77.3137 60.163 117.2 20 
79.9085 57.0835 108.2 7 
82.3422 55.7672 99.2 -6 
86.1657 50.3763 91.2 -19 
90.9891 52.3763 85.2 -32 
96.8126 55.3763 78.2 -45 
101.636 56.7985 71.2 -58 
105.459 55.389 63.2 -71 
108.283 56.389 55.2 -84 
110.106 56.389 47.2 -97 
110.93 57.389 38.2 -110 
110.753 59.1635 29.2 -123 
111.577 62.1635 21.2 -136 
113.4 65.1635 13.2 -149 
116.224 67.1635 4.2 -162 
120.047 69.1635 -5.8 -175 


----------------------------------------------------------------
2314.72 secs
MAINITR: 3
----------------------------------------------------------------
Best Fitness: 1.04515e+006
Worst Fitness: 1.06315e+006
----------------------------------------------------------------
P_h: 
98.5 49 56.06 211.33 
66.1713 49.1934 55.792 199.64 
65.487 55.4666 54.8239 186.316 
64.4352 53.842 53.3538 170.17 
69.1951 50.3765 51.8995 153.01 
80.102 46.202 50.5281 134.836 
72.4537 41.7149 48.7826 115.648 
63.6011 38.8946 46.5957 95.446 
60.7432 40.1645 43.8907 74.23 
83.9349 71.9712 40.9264 52 
72.2926 37.4523 37.703 28.756 
62.5749 36.1923 34.6201 4.498 
62.7913 47.4557 32.1735 0 
63.9215 70.4027 29.1736 0 
79.4311 68.9624 26.0169 0 
65.2965 34.3295 22.2172 0 
75.1106 57.234 18.2127 0 
83.2154 69.8259 14.0035 0 
80.3052 35.4026 9.02322 0 
80.1966 35.5723 3.78378 0 
95.444 56.3988 0 0 
68.761 58.9411 0 0 
69.4049 72.7852 0 0 
86.7163 60.3666 0 0 
----------------------------------------------------------------
Best: 
15 6 10 13 955.11 
6.74116 6 10 13 1017.28 
6.74116 7.22954 10 13 991.927 
6.74116 7.29657 10 13 938.079 
7.69197 6.57874 10 13 954.411 
10.1138 6 10 13 1085.09 
8.53645 6 10 13 1354.3 
7.14538 6 10 13 1734.5 
6.74116 6 10 13 1999.5 
11.1205 13.3202 10 13 2045.82 
8.25097 6 10 13 2030.6 
6.74116 6 10 13 2146.76 
6.74116 8.10259 10 13 2059.12 
6.74116 14.0668 10 13 2009.57 
9.1862 14.0668 10 13 1928.99 
6.74116 6 10 13 1926.38 
8.02058 9.95136 10 13 1958.94 
9.29284 14.0668 10 13 1956.6 
8.65927 6 10 13 2101.88 
8.59321 6 10 13 2146.62 
11.7438 9.15572 10 13 2076.57 
6.74116 9.31415 10 13 1984.37 
6.74116 12.4058 10 13 1704.71 
9.16375 9.00855 10 13 1442.62 


Volume: 
100 80 170 120 
98.5918 80.3286 168.2 109.4 
96.1837 77.0819 162.2 98 
92.7755 73.9109 154.2 85 
88.3674 75.7255 147.2 72 
84.9592 75.401 141.2 59 
84.4869 68.5423 134.2 46 
83.0788 64.5009 126.2 33 
82.6706 66.2975 117.2 20 
85.3031 63.1509 108.2 7 
87.7999 62.5032 99.2 -6 
87.3918 60.793 91.2 -19 
87.9836 58.5828 85.2 -32 
91.2165 59.3937 78.2 -45 
93.0194 57.7614 71.2 -58 
95.5424 58.3211 63.2 -71 
99.5424 59.3211 55.2 -84 
102.055 58.7371 47.2 -97 
104.055 59.7371 38.2 -110 
105.055 59.9631 29.2 -123 
107.055 62.9631 21.2 -136 
110.055 65.2655 13.2 -149 
114.055 67.2655 4.2 -162 
119.055 69.2655 -5.8 -175 

100 80 170 120 
98.267 75.2111 168.2 109.4 
94.6419 77.3707 162.2 98 
93.321 73.3541 154.2 85 
88.8402 73.5301 147.2 72 
84.4554 68.8733 141.2 59 
81.092 68.8733 134.2 46 
82.8933 66.5285 126.2 33 
81.2682 65.7953 117.2 20 
85.7833 62.466 108.2 7 
89.9068 64.8875 99.2 -6 
88.2817 63.1311 91.2 -19 
90.8112 60.9492 85.2 -32 
93.8974 60.5118 78.2 -45 
98.7135 58.461 71.2 -58 
100.021 59.4248 63.2 -71 
101.5 57.9313 55.2 -84 
104.313 57.9313 47.2 -97 
106.125 57.4019 38.2 -110 
106.938 59.4019 29.2 -123 
108.75 62.4019 21.2 -136 
111.563 65.4019 13.2 -149 
115.375 67.4019 4.2 -162 
120.188 69.4019 -5.8 -175 


----------------------------------------------------------------
2302.81 secs
Average Best: 1.04558e+006
Average Worst: 1.06349e+006

============================================================
Average Best Chromosome: 
15 6 10 13 955.11 
7.02132 7.20811 10 13 1009.79 
6.02677 6.30739 10 13 1003.94 
7.19502 7.56873 10 13 936.367 
9.05735 6.9571 10 13 945.594 
8.48573 7.95909 10 13 1084.24 
6.61981 6.38006 10 13 1366.2 
9.18443 8.92259 10 13 1712.1 
8.32414 6.21146 10 13 1992.97 
10.9036 7.97142 10 13 2079.78 
8.66938 7.47204 10 13 2021.96 
6.44025 6.44435 10 13 2148.06 
7.06956 6.52565 10 13 2070.12 
7.03242 10.2332 10 13 2023.42 
9.06304 10.278 10 13 1946.78 
7.11584 8.7955 10 13 1906.23 
6.54927 7.70459 10 13 1980.45 
8.50207 12.9233 10 13 1960.55 
9.35328 8.78066 10 13 2079.13 
9.98424 6.96246 10 13 2134.98 
9.11811 10.7465 10 13 2082.45 
6.82963 10.4961 10 13 1978.9 
8.03267 11.6635 10 13 1699.44 
8.10413 10.1227 10 13 1445.9 
============================================================
Average Worst Chromosome: 
5 6 10 13 1001.11 
11.7246 9.90062 10 13 982.632 
11.8247 11.163 10 13 964.238 
12.0705 10.1942 10 13 919.738 
10.4276 11.2599 10 13 938.768 
10.224 10.332 10 13 1086.88 
12.2257 12.0745 10 13 1342.84 
12.5524 9.73498 10 13 1728.72 
14.2337 11.8505 10 13 1986.13 
5.9616 8.41321 10 13 2132.53 
6.55221 10.3941 10 13 2056.03 
9.90797 7.03453 10 13 2164.16 
5.17105 8.18479 10 13 2106.44 
5 10.0812 10 13 2071.59 
6.5625 8.14456 10 13 2001.74 
7.39325 6.81184 10 13 1946.14 
5.0467 7.16033 10 13 2018.57 
5.90119 6.02864 10 13 2032.91 
5.09 6 10 13 2142.93 
7.29883 6 10 13 2173.48 
5.07803 6 10 13 2148.17 
5 6 10 13 2026.31 
5 6 10 13 1754.5 
5.33506 6.04427 10 13 1489.54 
============================================================
Average Best P_h: 
98.5 49 56.06 211.33 
67.699 54.3501 55.792 199.64 
60.3131 48.2286 54.8239 186.316 
66.4502 54.6994 53.3538 170.17 
77.4763 51.3234 51.8995 153.01 
73.0709 55.6653 50.5281 134.836 
60.5671 43.8858 48.7826 115.648 
73.8953 53.697 46.5957 95.446 
69.5104 41.0945 43.8907 74.23 
78.5443 48.5938 40.9264 52 
72.8334 47.9592 37.703 28.756 
61.3265 39.8528 34.6201 4.498 
64.341 38.6863 32.1735 0 
66.7019 54.9078 29.1736 0 
75.4928 57.1559 26.0169 0 
68.7689 50.2593 22.2172 0 
65.6521 45.1505 18.2127 0 
79.0467 65.7734 14.0035 0 
84.3928 49.8925 9.02322 0 
83.9138 41.2221 3.78378 0 
82.6673 62.4063 0 0 
69.2446 63.7071 0 0 
77.3708 69.5015 0 0 
78.5485 65.4414 0 0 
============================================================
Average Best P_s
0 
2.35463e-308 
5.63235e-322 
9.68369e-322 
1.36856e-321 
1.76876e-321 
2.16895e-321 
8.39912e-323 
4.84184e-322 
8.84378e-322 
1.28457e-321 
1.6897e-321 
2.0899e-321 
8.09477e-320 
4.05134e-322 
8.05327e-322 
1.20552e-321 
1.61065e-321 
2.01085e-321 
2.41104e-321 
3.26083e-322 
7.26276e-322 
1.12647e-321 
1.52666e-321 
============================================================
Total Generation:
1370
1387.27
1353.63
1281.04
1279.3
1398.34
1635.09
1981.73
2221.69
2299.85
2209.21
2288.36
2205.32
2174.2
2105.45
2047.47
2109.47
2119.38
2222.44
2263.9
2227.53
2111.86
1846.31
1589.89
============================================================
Average Best Q_h
15 6 10 13 
7.02132 7.20811 10 13 
6.02677 6.30739 10 13 
7.19502 7.56873 10 13 
9.05735 6.9571 10 13 
8.48573 7.95909 10 13 
6.61981 6.38006 10 13 
9.18443 8.92259 10 13 
8.32414 6.21146 10 13 
10.9036 7.97142 10 13 
8.66938 7.47204 10 13 
6.44025 6.44435 10 13 
7.06956 6.52565 10 13 
7.03242 10.2332 10 13 
9.06304 10.278 10 13 
7.11584 8.7955 10 13 
6.54927 7.70459 10 13 
8.50207 12.9233 10 13 
9.35328 8.78066 10 13 
9.98424 6.96246 10 13 
9.11811 10.7465 10 13 
6.82963 10.4961 10 13 
8.03267 11.6635 10 13 
8.10413 10.1227 10 13 
============================================================
