MAINITR: 0
----------------------------------------------------------------
Best Fitness: 1.0464e+006
Worst Fitness: 1.06318e+006
----------------------------------------------------------------
P_h: 
98.5 49 56.06 211.33 
69.9438 62.4692 55.792 199.64 
62.9866 44.1372 54.8239 186.316 
73.1901 41.7769 53.3538 170.17 
80.0589 61.2717 51.8995 153.01 
59.3686 34.4398 50.5281 134.836 
72.9749 32.7053 48.7826 115.648 
63.7775 58.5782 46.5957 95.446 
57.6132 31.1551 43.8907 74.23 
77.1637 42.6074 40.9264 52 
86.7731 50.8296 37.703 28.756 
86.4909 39.723 34.6201 4.498 
73.9629 40.6276 32.1735 0 
63.1957 50.805 29.1736 0 
87.3516 51.9143 26.0169 0 
69.7812 65.3737 22.2172 0 
85.5738 43.4979 18.2127 0 
82.1411 51.8558 14.0035 0 
65.2677 34.8394 9.02322 0 
65.4765 44.4754 3.78378 0 
66.3955 66.3142 0 0 
66.3567 63.1343 0 0 
78.8217 71.1615 0 0 
67.4976 42.2793 0 0 
----------------------------------------------------------------
Best: 
15 6 10 13 955.11 
7.32684 8.55302 10 13 998.587 
6.42254 6 10 13 1003.49 
8.1852 6 10 13 937.499 
9.62392 10.0361 10 13 926.492 
6.42254 6 10 13 1109.19 
8.93336 6 10 13 1354.07 
7.32915 11.6188 10 13 1708.03 
6.42254 6 10 13 2006.87 
9.44155 8.44126 10 13 2076.2 
11.5952 9.60091 10 13 1997.44 
11.7926 7.26394 10 13 2117.6 
8.43377 7.97493 10 13 2054.93 
6.42254 9.48492 10 13 2032.9 
10.454 9.18994 10 13 1942.3 
7.25607 12.802 10 13 1893.03 
9.74623 7.48991 10 13 1966.08 
8.91959 9.03405 10 13 1978.36 
6.42254 6 10 13 2118.47 
6.42254 7.3173 10 13 2154.6 
6.48997 11.6244 10 13 2098.38 
6.42254 10.2029 10 13 1985.32 
8.03533 11.8759 10 13 1699.59 
6.42254 6 10 13 1480.1 


Volume: 
100 80 170 120 
97.3915 75.8114 168.2 109.4 
95.639 72.1732 162.2 98 
91.0305 68.6334 154.2 85 
89.4379 63.9168 147.2 72 
84.8294 58.4656 141.2 59 
81.2209 56.2167 134.2 46 
80.7576 53.3124 126.2 33 
80.4256 54.2498 117.2 20 
84.9089 50.5333 108.2 7 
88.0062 53.5333 99.2 -6 
86.3976 54.9411 91.2 -19 
89.3695 51.1278 85.2 -32 
96.3695 54.1278 78.2 -45 
98.2929 57.1278 71.2 -58 
98.4705 56.9913 63.2 -71 
102.24 57.9913 55.2 -84 
105.24 57.9913 47.2 -97 
104.721 58.9913 38.2 -110 
105.721 60.5711 29.2 -123 
107.721 62.3744 21.2 -136 
110.489 65.3744 13.2 -149 
114.489 67.3744 4.2 -162 
119.489 69.3744 -5.8 -175 

100 80 170 120 
96.3384 77.3333 168.2 109.4 
95.8974 76.4953 162.2 98 
94.0624 75.9586 154.2 85 
88.921 72.5837 147.2 72 
84.8496 67.6398 141.2 59 
81.9117 65.7891 134.2 46 
84.3092 65.0687 126.2 33 
83.1039 64.5928 117.2 20 
80.2759 64.4512 108.2 7 
85.4475 60.5624 99.2 -6 
85.3249 61.0679 91.2 -19 
89.2508 57.1587 85.2 -32 
93.4198 56.1374 78.2 -45 
96.2802 58.0073 71.2 -58 
97.7806 59.8529 63.2 -71 
101.601 60.3272 55.2 -84 
104.258 56.5402 47.2 -97 
106.078 57.5402 38.2 -110 
106.899 59.5402 29.2 -123 
108.719 62.5402 21.2 -136 
111.539 65.5402 13.2 -149 
115.359 67.5402 4.2 -162 
120.18 69.5402 -5.8 -175 


----------------------------------------------------------------
2007.41 secs
MAINITR: 1
----------------------------------------------------------------
Best Fitness: 1.0455e+006
Worst Fitness: 1.0613e+006
----------------------------------------------------------------
P_h: 
52.5 49 56.06 211.33 
51.9364 48.5446 55.792 199.64 
51.3861 73.3228 54.8239 186.316 
71.5079 46.1329 53.3538 170.17 
58.5334 44.3906 51.8995 153.01 
48.5767 41.4486 50.5281 134.836 
48.1771 36.5702 48.7826 115.648 
67.5487 58.8358 46.5957 95.446 
77.5132 60.0453 43.8907 74.23 
47.7165 34.2731 40.9264 52 
49.5999 35.0441 37.703 28.756 
79.4679 34.7409 34.6201 4.498 
72.8271 44.6036 32.1735 0 
55.7511 38.0267 29.1736 0 
84.8681 53.3504 26.0169 0 
75.669 46.2242 22.2172 0 
71.2337 59.4544 18.2127 0 
81.1353 65.8596 14.0035 0 
79.5026 58.7583 9.02322 0 
95.4073 68.4621 3.78378 0 
98.5257 57.7708 0 0 
100.624 71.2843 0 0 
101.717 54.2887 0 0 
86.6049 52.6072 0 0 
----------------------------------------------------------------
Best: 
5 6 10 13 1001.11 
5 6 10 13 1031.13 
5 10.9198 10 13 988.373 
7.92953 6 10 13 939.368 
6.19065 6 10 13 969.515 
5 6.03604 10 13 1118.06 
5 6 10 13 1378.86 
7.78427 9.77606 10 13 1707.67 
9.75429 10.4088 10 13 1958.29 
5 6 10 13 2120.92 
5 6 10 13 2055.56 
9.55585 6 10 13 2126.95 
7.93923 7.30177 10 13 2054.79 
5.46859 6.71349 10 13 2051.16 
9.67591 9.0008 10 13 1937.76 
8.00829 7.51634 10 13 1901.26 
7.21851 10.5394 10 13 1957 
8.62048 13.0042 10 13 1955.88 
8.28596 10.5821 10 13 2074.41 
11.6761 13.0042 10 13 2095.64 
12.4502 9.44094 10 13 2071.5 
13.0285 12.3878 10 13 1941.56 
12.925 8.12371 10 13 1691.72 
9.11039 7.59002 10 13 1450.79 


Volume: 
100 80 170 120 
97.4465 79.2322 168.2 109.4 
95.1635 75.1032 162.2 98 
90.6099 75.2908 154.2 85 
87.156 72.5625 147.2 72 
85.5145 67.79 141.2 59 
84.3275 61.3027 134.2 46 
83.0156 62.3027 126.2 33 
82.7528 60.3644 117.2 20 
83.001 58.2472 108.2 7 
88.7301 59.2617 99.2 -6 
88.8079 58.8614 91.2 -19 
94.0878 60.8614 85.2 -32 
96.7194 57.0584 78.2 -45 
101.167 60.0584 71.2 -58 
101.696 61.3067 63.2 -71 
105.001 58.9885 55.2 -84 
108.001 56.943 47.2 -97 
109.802 57.943 38.2 -110 
107.605 59.943 29.2 -123 
109.605 62.943 21.2 -136 
111.264 65.4469 13.2 -149 
115.264 67.4469 4.2 -162 
120.264 69.4469 -5.8 -175 

100 80 170 120 
102.843 75.157 168.2 109.4 
97.5045 76.2602 162.2 98 
91.8485 79.2602 154.2 85 
86.3165 75.6861 147.2 72 
80.4947 72.7975 141.2 59 
80.3789 71.6702 134.2 46 
78.9205 68.0509 126.2 33 
78.5627 65.2722 117.2 20 
78.6759 65.9863 108.2 7 
82.1159 63.0432 99.2 -6 
81.7226 58.9626 91.2 -19 
86.7929 59.4741 85.2 -32 
93.1475 59.2371 78.2 -45 
97.4814 59.1271 71.2 -58 
98.0495 56.7425 63.2 -71 
100.731 57.7425 55.2 -84 
103.535 57.7425 47.2 -97 
104.593 58.7425 38.2 -110 
105.384 59.4568 29.2 -123 
107.384 62.4568 21.2 -136 
110.384 65.4568 13.2 -149 
114.384 67.4568 4.2 -162 
119.165 69.4568 -5.8 -175 


----------------------------------------------------------------
2272.8 secs
MAINITR: 2
----------------------------------------------------------------
Best Fitness: 1.04685e+006
Worst Fitness: 1.0629e+006
----------------------------------------------------------------
P_h: 
52.5 49 56.06 211.33 
51.9961 82.332 55.792 199.64 
51.154 45.9318 54.8239 186.316 
50.4199 43.4601 53.3538 170.17 
48.5945 41.0902 51.8995 153.01 
46.9501 39.5627 50.5281 134.836 
45.6719 35.6799 48.7826 115.648 
46.3216 34.0895 46.5957 95.446 
86.6292 30.5452 43.8907 74.23 
47.6947 28.3225 40.9264 52 
90.4791 27.0175 37.703 28.756 
49.2965 26.8206 34.6201 4.498 
92.724 28.4815 32.1735 0 
52.1795 30.9128 29.1736 0 
96.9887 30.6005 26.0169 0 
98.0393 32.1876 22.2172 0 
53.8031 65.9245 18.2127 0 
54.0216 65.8045 14.0035 0 
54.1755 66.6866 9.02322 0 
100.422 35.1637 3.78378 0 
100.848 70.9773 0 0 
54.5678 73.4557 0 0 
102.644 75.068 0 0 
95.245 75.6329 0 0 
----------------------------------------------------------------
Best: 
5 6 10 13 1001.11 
5 13.0705 10 13 1000.72 
5 6 10 13 1017.33 
5 6 10 13 962.881 
5 6 10 13 980.216 
5 6 10 13 1118.96 
5 6 10 13 1379.61 
5 6 10 13 1751.17 
13.1163 6 10 13 1966.58 
5 6 10 13 2117.53 
13.1163 6 10 13 2003.72 
5 6 10 13 2158.84 
13.1163 6 10 13 2035.35 
5 6 10 13 2056.67 
13.1163 6 10 13 1937.78 
13.1163 6 10 13 1881.49 
5 13.1669 10 13 1960.59 
5 13.1669 10 13 1979.08 
5 13.1669 10 13 2088.08 
13.1163 6 10 13 2117.55 
13.1163 13.1669 10 13 2049.31 
5 13.1669 10 13 1981.04 
13.1163 13.1669 10 13 1666.24 
10.7254 12.7979 10 13 1419.66 


Volume: 
100 80 170 120 
97.7058 77.3525 168.2 109.4 
94.2512 74.9712 162.2 98 
91.5298 71.1423 154.2 85 
85.568 67.6309 147.2 72 
80.8818 65.4416 141.2 59 
77.558 60.1065 134.2 46 
79.2175 58.0072 126.2 33 
81.8291 53.4865 117.2 20 
82.9392 50.7527 108.2 7 
88.4881 49.181 99.2 -6 
87.7476 48.9459 91.2 -19 
92.7039 50.9459 85.2 -32 
98.5179 53.9459 78.2 -45 
101.64 53.5555 71.2 -58 
104.087 55.5555 63.2 -71 
107.259 56.5555 55.2 -84 
108.791 56.42 47.2 -97 
109.964 57.42 38.2 -110 
110.137 59.42 29.2 -123 
111.309 62.42 21.2 -136 
113.482 65.42 13.2 -149 
116.655 67.42 4.2 -162 
120.827 69.42 -5.8 -175 

100 80 170 120 
97.206 77.8834 168.2 109.4 
95.6856 75.7838 162.2 98 
92.3901 71.8364 154.2 85 
85.7684 72.5418 147.2 72 
80.6265 68.986 141.2 59 
77.7739 62.8586 134.2 46 
77.3888 58.0216 126.2 33 
80.3734 55.4969 117.2 20 
79.7263 54.8856 108.2 7 
82.3045 53.0409 99.2 -6 
82.754 53.4815 91.2 -19 
86.8856 51.4778 85.2 -32 
90.9232 52.3884 78.2 -45 
95.1907 53.7914 71.2 -58 
95.4322 55.771 63.2 -71 
99.4322 56.771 55.2 -84 
102.432 56.0971 47.2 -97 
104.432 57.0971 38.2 -110 
105.432 59.0971 29.2 -123 
107.432 62.0971 21.2 -136 
110.432 65.0971 13.2 -149 
114.432 67.0971 4.2 -162 
119.432 69.0971 -5.8 -175 


----------------------------------------------------------------
2311.63 secs
MAINITR: 3
----------------------------------------------------------------
Best Fitness: 1.04893e+006
Worst Fitness: 1.06159e+006
----------------------------------------------------------------
P_h: 
52.5 49 56.06 211.33 
52.0221 47.7975 55.792 199.64 
95.6453 45.9606 54.8239 186.316 
50.114 46.3824 53.3538 170.17 
48.4982 43.7728 51.8995 153.01 
47.03 76.4478 50.5281 134.836 
46.1033 39.044 48.7826 115.648 
45.4088 35.6041 46.5957 95.446 
84.2202 35.5621 43.8907 74.23 
45.5962 32.5567 40.9264 52 
45.9213 31.5967 37.703 28.756 
46.5944 31.8819 34.6201 4.498 
48.7147 29.2796 32.1735 0 
49.842 28.8759 29.1736 0 
95.5273 64.0545 26.0169 0 
52.1241 65.4584 22.2172 0 
99.6351 32.7137 18.2127 0 
99.5248 65.6665 14.0035 0 
53.2805 66.5094 9.02322 0 
100.966 68.2539 3.78378 0 
53.7708 70.8107 0 0 
103.037 39.3783 0 0 
54.6208 74.912 0 0 
106.689 42.1486 0 0 
----------------------------------------------------------------
Best: 
5 6 10 13 1001.11 
5 6 10 13 1031.13 
15 6 10 13 970.078 
5 6 10 13 960.726 
5 6 10 13 978.091 
5 12.4877 10 13 1086.28 
5 6 10 13 1380.54 
5 6 10 13 1751.78 
15 6 10 13 1968.2 
5 6 10 13 2118.13 
5 6 10 13 2052.44 
5 6 10 13 2158.6 
5 6 10 13 2084.63 
5 6 10 13 2056.7 
15 13.1803 10 13 1898.87 
5 13.1803 10 13 1901.37 
15 6 10 13 1946.19 
15 13.1803 10 13 1930.11 
5 13.1803 10 13 2092.19 
15 13.1803 10 13 2090.74 
5 13.1803 10 13 2108.39 
14.7946 6 10 13 1972.18 
5 13.1803 10 13 1720.31 
15 6 10 13 1444.54 


Volume: 
100 80 170 120 
97.8196 77.9893 168.2 109.4 
94.6392 75.0168 162.2 98 
90.4588 75.6894 154.2 85 
85.2784 71.6168 147.2 72 
81.098 71.69 141.2 59 
78.6533 64.7103 134.2 46 
76.9025 60.0055 126.2 33 
76.5348 59.9494 117.2 20 
77.3684 56.0265 108.2 7 
78.188 54.8061 99.2 -6 
79.9324 55.1671 91.2 -19 
85.9324 51.9209 85.2 -32 
89.5336 51.4265 78.2 -45 
94.4269 54.4265 71.2 -58 
98.2699 55.9933 63.2 -71 
102.268 56.2275 55.2 -84 
102.044 56.2275 47.2 -97 
104.044 57.1809 38.2 -110 
105.044 59.1809 29.2 -123 
107.044 62.1809 21.2 -136 
110.044 65.1809 13.2 -149 
114.044 67.1809 4.2 -162 
119.044 69.1809 -5.8 -175 

100 80 170 120 
100.04 74.3831 168.2 109.4 
101.365 69.5029 162.2 98 
95.1878 70.0091 154.2 85 
92.4037 70.5193 147.2 72 
86.2652 68.2566 141.2 59 
81.7353 62.4727 134.2 46 
82.5014 58.2166 126.2 33 
81.7448 55.2425 117.2 20 
83.483 54.7891 108.2 7 
84.7719 53.1034 99.2 -6 
85.1442 53.3497 91.2 -19 
89.4095 50.5713 85.2 -32 
96.4095 52.1863 78.2 -45 
98.7643 55.1454 71.2 -58 
103.744 57.1253 63.2 -71 
107.309 57.3974 55.2 -84 
107.364 57.2918 47.2 -97 
107.84 57.7694 38.2 -110 
106.031 59.7694 29.2 -123 
108.031 62.5382 21.2 -136 
111.031 65.5382 13.2 -149 
115.031 67.5382 4.2 -162 
119.681 69.4741 -5.8 -175 


----------------------------------------------------------------
2306.48 secs
Average Best: 1.04692e+006
Average Worst: 1.06224e+006

============================================================
Average Best Chromosome: 
7.5 6 10 13 989.61 
5.58171 8.40587 10 13 1015.39 
7.85564 7.22995 10 13 994.82 
6.52868 6 10 13 950.119 
6.45364 7.00901 10 13 963.578 
5.35564 7.63094 10 13 1108.12 
5.98334 6 10 13 1373.27 
6.27836 8.3487 10 13 1729.66 
11.0733 7.10219 10 13 1974.99 
6.11039 6.61031 10 13 2108.19 
8.67787 6.90023 10 13 2027.29 
7.83712 6.31598 10 13 2140.5 
8.62233 6.81918 10 13 2057.43 
5.47278 7.0496 10 13 2049.36 
12.0616 9.34277 10 13 1929.18 
8.34517 9.87467 10 13 1894.29 
9.24118 9.29905 10 13 1957.46 
9.38502 12.0964 10 13 1960.85 
6.17713 10.7323 10 13 2093.29 
11.5537 9.87546 10 13 2114.63 
9.26412 11.8531 10 13 2081.89 
9.81141 10.4394 10 13 1970.02 
9.76915 11.5867 10 13 1694.46 
10.3146 8.09698 10 13 1448.77 
============================================================
Average Worst Chromosome: 
5 6 10 13 1001.11 
10.7051 13.2552 10 13 972.782 
7.61423 13.5547 10 13 972.618 
11.1771 12.9302 10 13 911.365 
6.67515 9.01438 10 13 968.915 
11.5741 9.00158 10 13 1085.87 
12.9321 11.8 10 13 1340.89 
8.85928 11.6575 10 13 1733.35 
12.3413 7.63424 10 13 2000.5 
8.70043 10.1877 10 13 2111.8 
7.36362 10.6907 10 13 2047.1 
12.8114 6.85714 10 13 2148.86 
8.96172 10.93 10 13 2077.22 
5.958 6 10 13 2083.86 
7.79356 6 10 13 2001.03 
7.35868 6 10 13 1946.1 
5.03074 6 10 13 2024.57 
5.41044 6.97196 10 13 2030.46 
6.3853 6 10 13 2132.14 
6.15753 6.31406 10 13 2176.24 
5.32974 6 10 13 2145.84 
5.28638 6 10 13 2023.68 
5.82979 6 10 13 1747.47 
5.24359 6 10 13 1490.6 
============================================================
Average Best P_h: 
64 49 56.06 211.33 
56.4746 60.2858 55.792 199.64 
65.293 52.3381 54.8239 186.316 
61.308 44.4381 53.3538 170.17 
58.9213 47.6313 51.8995 153.01 
50.4813 47.9747 50.5281 134.836 
53.2318 35.9998 48.7826 115.648 
55.7642 46.7769 46.5957 95.446 
76.4939 39.3269 43.8907 74.23 
54.5428 34.4399 40.9264 52 
68.1934 36.122 37.703 28.756 
65.4624 33.2916 34.6201 4.498 
72.0572 35.7481 32.1735 0 
55.2421 37.1551 29.1736 0 
91.1839 49.9799 26.0169 0 
73.9034 52.311 22.2172 0 
77.5615 50.3976 18.2127 0 
79.2057 62.2966 14.0035 0 
63.0566 56.6984 9.02322 0 
90.5677 54.0888 3.78378 0 
79.8849 66.4683 0 0 
81.1465 61.8132 0 0 
84.451 68.8576 0 0 
89.0092 53.167 0 0 
============================================================
Average Best P_s
0 
6.09994e-308 
5.63235e-322 
9.68369e-322 
1.36856e-321 
1.76876e-321 
2.16895e-321 
8.39912e-323 
4.84184e-322 
8.84378e-322 
1.28457e-321 
1.6897e-321 
2.0899e-321 
8.09477e-320 
4.05134e-322 
8.05327e-322 
1.20552e-321 
1.61065e-321 
2.01085e-321 
2.41104e-321 
3.26083e-322 
7.26276e-322 
1.12647e-321 
1.52666e-321 
============================================================
Total Generation:
1370
1387.59
1353.59
1279.39
1275.04
1391.94
1626.93
1974.25
2208.93
2290.1
2198.06
2278.37
2197.41
2170.93
2096.36
2042.72
2103.63
2116.36
2222.06
2263.07
2228.25
2112.98
1847.77
1590.95
============================================================
Average Best Q_h
7.5 6 10 13 
5.58171 8.40587 10 13 
7.85564 7.22995 10 13 
6.52868 6 10 13 
6.45364 7.00901 10 13 
5.35564 7.63094 10 13 
5.98334 6 10 13 
6.27836 8.3487 10 13 
11.0733 7.10219 10 13 
6.11039 6.61031 10 13 
8.67787 6.90023 10 13 
7.83712 6.31598 10 13 
8.62233 6.81918 10 13 
5.47278 7.0496 10 13 
12.0616 9.34277 10 13 
8.34517 9.87467 10 13 
9.24118 9.29905 10 13 
9.38502 12.0964 10 13 
6.17713 10.7323 10 13 
11.5537 9.87546 10 13 
9.26412 11.8531 10 13 
9.81141 10.4394 10 13 
9.76915 11.5867 10 13 
10.3146 8.09698 10 13 
============================================================
